# energy s p d
-5.737000000000000099e+00 0.000000000000000000e+00 0.000000000000000000e+00 0.000000000000000000e+00
-5.712999999999999190e+00 0.000000000000000000e+00 0.000000000000000000e+00 0.000000000000000000e+00
-5.689000000000000057e+00 0.000000000000000000e+00 0.000000000000000000e+00 0.000000000000000000e+00
-5.664999999999999147e+00 0.000000000000000000e+00 0.000000000000000000e+00 0.000000000000000000e+00
-5.641000000000000014e+00 0.000000000000000000e+00 0.000000000000000000e+00 0.000000000000000000e+00
-5.616999999999999993e+00 0.000000000000000000e+00 0.000000000000000000e+00 0.000000000000000000e+00
-5.592999999999999972e+00 0.000000000000000000e+00 0.000000000000000000e+00 0.000000000000000000e+00
-5.568999999999999950e+00 0.000000000000000000e+00 0.000000000000000000e+00 0.000000000000000000e+00
-5.544999999999999929e+00 0.000000000000000000e+00 0.000000000000000000e+00 0.000000000000000000e+00
-5.520999999999999908e+00 0.000000000000000000e+00 0.000000000000000000e+00 0.000000000000000000e+00
-5.496999999999999886e+00 0.000000000000000000e+00 0.000000000000000000e+00 0.000000000000000000e+00
-5.472999999999999865e+00 0.000000000000000000e+00 0.000000000000000000e+00 0.000000000000000000e+00
-5.448999999999999844e+00 0.000000000000000000e+00 0.000000000000000000e+00 0.000000000000000000e+00
-5.424999999999999822e+00 0.000000000000000000e+00 0.000000000000000000e+00 0.000000000000000000e+00
-5.400999999999999801e+00 0.000000000000000000e+00 0.000000000000000000e+00 0.000000000000000000e+00
-5.376999999999999780e+00 0.000000000000000000e+00 0.000000000000000000e+00 0.000000000000000000e+00
-5.352999999999999758e+00 0.000000000000000000e+00 0.000000000000000000e+00 0.000000000000000000e+00
-5.328999999999999737e+00 0.000000000000000000e+00 0.000000000000000000e+00 0.000000000000000000e+00
-5.304999999999999716e+00 0.000000000000000000e+00 0.000000000000000000e+00 0.000000000000000000e+00
-5.280999999999999694e+00 0.000000000000000000e+00 0.000000000000000000e+00 0.000000000000000000e+00
-5.256999999999999673e+00 0.000000000000000000e+00 0.000000000000000000e+00 0.000000000000000000e+00
-5.232999999999999652e+00 0.000000000000000000e+00 0.000000000000000000e+00 0.000000000000000000e+00
-5.208999999999999631e+00 0.000000000000000000e+00 0.000000000000000000e+00 0.000000000000000000e+00
-5.184999999999999609e+00 0.000000000000000000e+00 0.000000000000000000e+00 0.000000000000000000e+00
-5.160999999999999588e+00 0.000000000000000000e+00 0.000000000000000000e+00 0.000000000000000000e+00
-5.136999999999999567e+00 0.000000000000000000e+00 0.000000000000000000e+00 0.000000000000000000e+00
-5.112999999999999545e+00 0.000000000000000000e+00 0.000000000000000000e+00 0.000000000000000000e+00
-5.089000000000000412e+00 0.000000000000000000e+00 0.000000000000000000e+00 0.000000000000000000e+00
-5.064999999999999503e+00 0.000000000000000000e+00 0.000000000000000000e+00 0.000000000000000000e+00
-5.040999999999999481e+00 0.000000000000000000e+00 0.000000000000000000e+00 0.000000000000000000e+00
-5.016999999999999460e+00 0.000000000000000000e+00 0.000000000000000000e+00 0.000000000000000000e+00
-4.993000000000000327e+00 0.000000000000000000e+00 0.000000000000000000e+00 0.000000000000000000e+00
-4.968999999999999417e+00 0.000000000000000000e+00 0.000000000000000000e+00 0.000000000000000000e+00
-4.945000000000000284e+00 0.000000000000000000e+00 0.000000000000000000e+00 0.000000000000000000e+00
-4.920999999999999375e+00 0.000000000000000000e+00 0.000000000000000000e+00 0.000000000000000000e+00
-4.897000000000000242e+00 0.000000000000000000e+00 0.000000000000000000e+00 0.000000000000000000e+00
-4.872999999999999332e+00 0.000000000000000000e+00 0.000000000000000000e+00 0.000000000000000000e+00
-4.849000000000000199e+00 0.000000000000000000e+00 0.000000000000000000e+00 0.000000000000000000e+00
-4.824999999999999289e+00 0.000000000000000000e+00 0.000000000000000000e+00 0.000000000000000000e+00
-4.801000000000000156e+00 0.000000000000000000e+00 0.000000000000000000e+00 0.000000000000000000e+00
-4.776999999999999247e+00 0.000000000000000000e+00 0.000000000000000000e+00 0.000000000000000000e+00
-4.753000000000000114e+00 0.000000000000000000e+00 0.000000000000000000e+00 0.000000000000000000e+00
-4.729000000000000092e+00 0.000000000000000000e+00 0.000000000000000000e+00 0.000000000000000000e+00
-4.705000000000000071e+00 0.000000000000000000e+00 0.000000000000000000e+00 0.000000000000000000e+00
-4.681000000000000050e+00 0.000000000000000000e+00 0.000000000000000000e+00 0.000000000000000000e+00
-4.657000000000000028e+00 0.000000000000000000e+00 0.000000000000000000e+00 0.000000000000000000e+00
-4.633000000000000007e+00 1.200000000000000112e-03 0.000000000000000000e+00 3.200000000000000587e-03
-4.608999999999999986e+00 1.080000000000000057e-02 1.200000000000000112e-03 1.959999999999999590e-02
-4.584999999999999964e+00 1.740000000000000227e-02 4.799999999999999580e-03 3.679999999999999938e-02
-4.560999999999999943e+00 2.839999999999999816e-02 7.199999999999998936e-03 5.830000000000000460e-02
-4.536999999999999922e+00 4.419999999999999624e-02 1.199999999999999852e-02 8.230000000000001203e-02
-4.512999999999999901e+00 6.110000000000000153e-02 2.520000000000000018e-02 1.369000000000000217e-01
-4.488999999999999879e+00 8.399999999999999134e-02 3.930000000000000160e-02 1.718000000000000083e-01
-4.464999999999999858e+00 1.105000000000000149e-01 5.690000000000000613e-02 2.055000000000000160e-01
-4.440999999999999837e+00 1.383999999999999952e-01 6.679999999999999827e-02 2.076000000000000068e-01
-4.416999999999999815e+00 1.524999999999999967e-01 6.999999999999999278e-02 2.046000000000000041e-01
-4.392999999999999794e+00 1.616999999999999826e-01 7.440000000000000779e-02 2.021999999999999909e-01
-4.368999999999999773e+00 1.670000000000000095e-01 8.020000000000000739e-02 2.006999999999999895e-01
-4.344999999999999751e+00 1.713999999999999968e-01 8.639999999999999070e-02 2.019000000000000239e-01
-4.320999999999999730e+00 1.711999999999999911e-01 9.030000000000000526e-02 1.955000000000000071e-01
-4.296999999999999709e+00 1.719999999999999862e-01 9.529999999999999583e-02 1.890000000000000013e-01
-4.272999999999999687e+00 1.974999999999999811e-01 1.113999999999999990e-01 2.199999999999999734e-01
-4.248999999999999666e+00 1.426000000000000045e-01 1.043999999999999928e-01 1.514000000000000068e-01
-4.224999999999999645e+00 1.318000000000000005e-01 1.139000000000000290e-01 1.356000000000000261e-01
-4.200999999999999623e+00 1.456000000000000072e-01 1.439999999999999891e-01 1.471000000000000085e-01
-4.176999999999999602e+00 1.693000000000000060e-01 1.902999999999999969e-01 1.678999999999999937e-01
-4.152999999999999581e+00 1.869999999999999996e-01 2.197999999999999954e-01 1.827000000000000013e-01
-4.128999999999999559e+00 1.987999999999999767e-01 2.358999999999999986e-01 1.986999999999999877e-01
-4.104999999999999538e+00 2.096999999999999975e-01 2.220999999999999919e-01 1.988999999999999935e-01
-4.080999999999999517e+00 2.231999999999999817e-01 2.118000000000000160e-01 2.077999999999999570e-01
-4.056999999999999496e+00 2.392999999999999849e-01 2.037000000000000199e-01 2.205999999999999628e-01
-4.032999999999999474e+00 2.534000000000000141e-01 1.973999999999999921e-01 2.280999999999999972e-01
-4.008999999999999453e+00 2.590000000000000080e-01 1.889000000000000123e-01 2.295999999999999985e-01
-3.984999999999999876e+00 2.601999999999999869e-01 1.799000000000000044e-01 2.259000000000000452e-01
-3.960999999999999854e+00 2.509000000000000119e-01 1.691999999999999893e-01 2.134999999999999953e-01
-3.936999999999999833e+00 2.156000000000000139e-01 1.511000000000000121e-01 1.800000000000000211e-01
-3.912999999999999812e+00 2.155000000000000249e-01 1.466000000000000081e-01 1.769999999999999907e-01
-3.888999999999999790e+00 2.406999999999999695e-01 4.526000000000000023e-01 1.965000000000000080e-01
-3.864999999999999769e+00 2.082999999999999852e-01 3.144000000000000128e-01 1.706999999999999906e-01
-3.840999999999999748e+00 1.769000000000000294e-01 2.828000000000000513e-01 1.459000000000000019e-01
-3.816999999999999726e+00 1.847000000000000031e-01 2.656999999999999917e-01 1.559999999999999998e-01
-3.792999999999999705e+00 1.030999999999999833e-01 2.155999999999999583e-01 9.339999999999999691e-02
-3.768999999999999684e+00 8.889999999999999292e-02 2.111000000000000376e-01 8.410000000000000808e-02
-3.744999999999999662e+00 9.020000000000000240e-02 2.457000000000000295e-01 8.569999999999998452e-02
-3.720999999999999641e+00 8.650000000000000744e-02 3.109999999999999987e-01 8.650000000000000744e-02
-3.696999999999999620e+00 7.570000000000000340e-02 4.016999999999999460e-01 8.510000000000000897e-02
-3.673000000000000043e+00 6.060000000000000803e-02 5.462000000000000188e-01 9.590000000000001301e-02
-3.649000000000000021e+00 4.409999999999999337e-02 4.504000000000000226e-01 8.640000000000000457e-02
-3.625000000000000000e+00 3.459999999999999881e-02 4.867000000000000215e-01 9.009999999999999953e-02
-3.600999999999999979e+00 2.790000000000000119e-02 5.448000000000000620e-01 9.830000000000001237e-02
-3.576999999999999957e+00 2.239999999999999977e-02 6.654999999999999805e-01 1.333999999999999908e-01
-3.552999999999999936e+00 1.760000000000000106e-02 7.547000000000000375e-01 1.731999999999999929e-01
-3.528999999999999915e+00 1.439999999999999787e-02 8.600000000000000977e-01 2.286999999999999866e-01
-3.504999999999999893e+00 1.359999999999999924e-02 4.736000000000000210e-01 1.294000000000000150e-01
-3.480999999999999872e+00 2.709999999999999909e-02 4.264999999999999902e-01 1.290000000000000036e-01
-3.456999999999999851e+00 9.579999999999999627e-02 7.804000000000000936e-01 3.561999999999999056e-01
-3.432999999999999829e+00 2.901999999999999580e-01 1.554499999999999993e+00 9.194999999999998730e-01
-3.408999999999999808e+00 1.840999999999999859e-01 8.820999999999998842e-01 4.958000000000000185e-01
-3.384999999999999787e+00 1.556999999999999773e-01 7.635000000000000675e-01 4.259999999999999898e-01
-3.360999999999999766e+00 1.287000000000000088e-01 6.342999999999999750e-01 3.611999999999999655e-01
-3.336999999999999744e+00 1.079000000000000098e-01 5.375000000000000888e-01 3.184000000000000163e-01
-3.312999999999999723e+00 9.229999999999999316e-02 4.707999999999999963e-01 2.882999999999999452e-01
-3.288999999999999702e+00 7.960000000000001796e-02 4.349000000000000088e-01 2.704999999999999627e-01
-3.264999999999999680e+00 6.950000000000000622e-02 4.269999999999999907e-01 2.684000000000000274e-01
-3.240999999999999659e+00 6.329999999999999516e-02 4.740999999999999659e-01 2.982000000000000206e-01
-3.216999999999999638e+00 7.290000000000000646e-02 5.213999999999999746e-01 3.286999999999999922e-01
-3.192999999999999616e+00 4.819999999999999979e-02 5.335999999999999632e-01 3.421000000000000152e-01
-3.168999999999999595e+00 4.669999999999999846e-02 5.769999999999999574e-01 3.706999999999999740e-01
-3.144999999999999574e+00 4.310000000000000636e-02 6.249999999999998890e-01 4.058999999999999830e-01
-3.120999999999999996e+00 3.660000000000000059e-02 6.185000000000000497e-01 4.130000000000000338e-01
-3.096999999999999975e+00 7.400000000000001021e-02 1.113699999999999912e+00 9.206999999999999629e-01
-3.072999999999999954e+00 7.739999999999999658e-02 1.118700000000000028e+00 1.000100000000000211e+00
-3.048999999999999932e+00 6.149999999999999911e-02 1.059200000000000141e+00 9.987999999999999101e-01
-3.024999999999999911e+00 4.639999999999999680e-02 9.252000000000000224e-01 9.213999999999999968e-01
-3.000999999999999890e+00 5.810000000000000581e-02 1.187200000000000033e+00 1.083399999999999919e+00
-2.976999999999999869e+00 4.060000000000000414e-02 1.029500000000000082e+00 1.027600000000000069e+00
-2.952999999999999847e+00 3.639999999999999486e-02 1.012399999999999967e+00 1.099700000000000122e+00
-2.928999999999999826e+00 3.470000000000000168e-02 9.945999999999999286e-01 1.217300000000000049e+00
-2.904999999999999805e+00 4.610000000000000209e-02 8.689999999999998836e-01 1.614199999999999857e+00
-2.880999999999999783e+00 7.059999999999999609e-02 6.097000000000000197e-01 1.689400000000000013e+00
-2.856999999999999762e+00 5.930000000000001242e-02 3.654000000000000026e-01 1.084999999999999964e+00
-2.832999999999999741e+00 3.679999999999999938e-02 1.929000000000000159e-01 4.805000000000000382e-01
-2.808999999999999719e+00 3.619999999999999607e-02 3.127000000000000335e-01 5.058000000000000274e-01
-2.784999999999999698e+00 2.620000000000000107e-02 1.783000000000000140e-01 3.499999999999999778e-01
-2.760999999999999677e+00 2.429999999999999868e-02 1.527000000000000024e-01 2.898000000000000576e-01
-2.736999999999999655e+00 2.129999999999999949e-02 1.244999999999999996e-01 2.610000000000000098e-01
-2.712999999999999634e+00 2.000000000000000042e-02 1.274000000000000132e-01 2.678999999999999715e-01
-2.688999999999999613e+00 1.869999999999999787e-02 1.300000000000000044e-01 2.782999999999999918e-01
-2.664999999999999591e+00 1.820000000000000090e-02 1.328999999999999904e-01 2.916000000000000258e-01
-2.641000000000000014e+00 1.760000000000000106e-02 1.342999999999999750e-01 2.975000000000000422e-01
-2.616999999999999993e+00 1.760000000000000106e-02 1.342000000000000137e-01 2.946999999999999620e-01
-2.592999999999999972e+00 1.820000000000000090e-02 1.336000000000000243e-01 2.898000000000000020e-01
-2.568999999999999950e+00 1.889999999999999666e-02 1.320999999999999952e-01 2.828999999999999848e-01
-2.544999999999999929e+00 2.000000000000000042e-02 1.301000000000000489e-01 2.736999999999999988e-01
-2.520999999999999908e+00 2.099999999999999784e-02 1.272000000000000075e-01 2.618000000000000327e-01
-2.496999999999999886e+00 2.239999999999999977e-02 1.261999999999999789e-01 2.525000000000000022e-01
-2.472999999999999865e+00 2.399999999999999703e-02 1.257000000000000062e-01 2.436000000000000110e-01
-2.448999999999999844e+00 2.479999999999999566e-02 1.234000000000000097e-01 2.309000000000000496e-01
-2.424999999999999822e+00 2.399999999999999703e-02 1.190999999999999975e-01 2.227000000000000091e-01
-2.400999999999999801e+00 2.479999999999999566e-02 1.149999999999999911e-01 2.196999999999999786e-01
-2.376999999999999780e+00 3.160000000000000309e-02 1.237999999999999934e-01 2.620999999999999996e-01
-2.352999999999999758e+00 3.140000000000000430e-02 1.192000000000000004e-01 2.434000000000000052e-01
-2.328999999999999737e+00 3.289999999999999869e-02 1.197999999999999898e-01 2.301000000000000267e-01
-2.304999999999999716e+00 3.989999999999999797e-02 1.299000000000000155e-01 2.233999999999999875e-01
-2.280999999999999694e+00 5.229999999999999927e-02 1.505000000000000226e-01 2.225000000000000033e-01
-2.256999999999999673e+00 5.220000000000000334e-02 1.420000000000000151e-01 2.056999999999999940e-01
-2.232999999999999652e+00 2.839999999999999816e-02 1.300000000000000044e-01 1.814000000000000057e-01
-2.208999999999999631e+00 3.189999999999999780e-02 1.492999999999999883e-01 1.892000000000000071e-01
-2.184999999999999609e+00 4.129999999999999644e-02 2.106999999999999984e-01 2.115000000000000213e-01
-2.160999999999999588e+00 3.309999999999999748e-02 1.206999999999999740e-01 1.814000000000000057e-01
-2.136999999999999567e+00 3.559999999999999970e-02 1.199999999999999956e-01 1.841999999999999749e-01
-2.112999999999999545e+00 3.820000000000000479e-02 1.190999999999999975e-01 1.872000000000000053e-01
-2.088999999999999524e+00 4.989999999999999991e-02 1.270000000000000018e-01 2.155999999999999861e-01
-2.064999999999999503e+00 6.250000000000000000e-02 1.362000000000000155e-01 2.498999999999999833e-01
-2.040999999999999481e+00 7.179999999999998883e-02 1.431999999999999940e-01 2.780999999999999583e-01
-2.016999999999999460e+00 1.011999999999999983e-01 1.851000000000000423e-01 3.790000000000000591e-01
-1.992999999999999883e+00 8.650000000000000744e-02 1.680999999999999717e-01 3.558999999999999941e-01
-1.968999999999999861e+00 7.149999999999999412e-02 1.499999999999999944e-01 3.368999999999999773e-01
-1.944999999999999840e+00 6.259999999999998899e-02 1.308999999999999886e-01 3.254000000000000226e-01
-1.920999999999999819e+00 5.310000000000000137e-02 1.154000000000000026e-01 3.104999999999999982e-01
-1.896999999999999797e+00 4.719999999999999890e-02 1.099000000000000116e-01 3.185999999999999943e-01
-1.872999999999999776e+00 4.959999999999999826e-02 1.209999999999999964e-01 3.694000000000000061e-01
-1.848999999999999755e+00 5.279999999999999277e-02 1.339000000000000190e-01 3.779000000000000692e-01
-1.824999999999999734e+00 5.290000000000000258e-02 1.368000000000000049e-01 2.928999999999999937e-01
-1.800999999999999712e+00 5.099999999999999672e-02 1.306999999999999829e-01 1.665000000000000091e-01
-1.776999999999999691e+00 5.059999999999999915e-02 1.358000000000000318e-01 1.649000000000000188e-01
-1.752999999999999892e+00 5.150000000000000411e-02 1.464000000000000024e-01 1.684999999999999831e-01
-1.728999999999999870e+00 5.130000000000000532e-02 1.664999999999999813e-01 1.673999999999999932e-01
-1.704999999999999849e+00 4.850000000000000144e-02 1.547999999999999932e-01 1.526999999999999746e-01
-1.680999999999999828e+00 4.660000000000000253e-02 1.136000000000000065e-01 1.330999999999999961e-01
-1.656999999999999806e+00 7.699999999999999900e-02 1.353000000000000314e-01 1.625000000000000056e-01
-1.632999999999999785e+00 1.499000000000000055e-01 2.278999999999999915e-01 2.615999999999999992e-01
-1.608999999999999764e+00 1.334000000000000186e-01 2.851000000000000201e-01 2.755000000000000226e-01
-1.584999999999999742e+00 6.400000000000000133e-02 2.451000000000000401e-01 1.754000000000000004e-01
-1.560999999999999721e+00 3.140000000000000430e-02 1.684999999999999831e-01 1.353000000000000036e-01
-1.536999999999999700e+00 2.610000000000000167e-02 1.602000000000000091e-01 1.393999999999999961e-01
-1.512999999999999678e+00 2.560000000000000123e-02 1.730000000000000149e-01 1.523999999999999799e-01
-1.488999999999999879e+00 2.499999999999999792e-02 1.806999999999999995e-01 1.623999999999999888e-01
-1.464999999999999858e+00 2.570000000000000062e-02 1.916999999999999815e-01 1.781999999999999973e-01
-1.440999999999999837e+00 2.720000000000000195e-02 2.293999999999999928e-01 2.016999999999999904e-01
-1.416999999999999815e+00 2.910000000000000434e-02 2.626000000000000001e-01 2.307999999999999774e-01
-1.392999999999999794e+00 3.180000000000000188e-02 2.938000000000000056e-01 2.655000000000000138e-01
-1.368999999999999773e+00 4.890000000000000596e-02 3.881999999999999895e-01 3.845000000000000084e-01
-1.344999999999999751e+00 7.109999999999999654e-02 4.740999999999999659e-01 5.158999999999999142e-01
-1.320999999999999730e+00 8.519999999999999796e-02 5.131000000000000005e-01 6.003000000000000558e-01
-1.296999999999999709e+00 7.140000000000000513e-02 4.750000000000000333e-01 5.990000000000000879e-01
-1.272999999999999687e+00 4.080000000000000293e-02 4.175000000000000377e-01 5.551999999999999158e-01
-1.248999999999999888e+00 3.150000000000000022e-02 7.511999999999999789e-01 8.478999999999999870e-01
-1.224999999999999867e+00 2.800000000000000058e-02 4.856000000000000316e-01 6.886999999999999789e-01
-1.200999999999999845e+00 2.479999999999999566e-02 3.744999999999999996e-01 6.395000000000000684e-01
-1.176999999999999824e+00 1.919999999999999832e-02 3.281000000000000028e-01 6.635999999999999677e-01
-1.152999999999999803e+00 1.449999999999999727e-02 2.783999999999999808e-01 5.739999999999999547e-01
-1.128999999999999782e+00 1.049999999999999892e-02 2.368999999999999995e-01 5.127000000000000446e-01
-1.104999999999999760e+00 6.400000000000001174e-03 1.844000000000000083e-01 4.192000000000000171e-01
-1.080999999999999961e+00 3.599999999999999901e-03 1.418000000000000094e-01 3.439999999999999725e-01
-1.056999999999999940e+00 3.200000000000000587e-03 1.486999999999999988e-01 3.537000000000000144e-01
-1.032999999999999918e+00 2.399999999999999790e-03 1.582000000000000073e-01 3.691000000000000392e-01
-1.008999999999999897e+00 4.000000000000000083e-03 1.932999999999999996e-01 4.116000000000000214e-01
-9.849999999999998757e-01 1.280000000000000235e-02 2.331999999999999906e-01 4.521000000000000019e-01
-9.609999999999998543e-01 1.600000000000000033e-02 2.452000000000000013e-01 4.672999999999999376e-01
-9.369999999999998330e-01 1.810000000000000150e-02 1.988000000000000322e-01 3.684000000000000052e-01
-9.129999999999998117e-01 1.949999999999999997e-02 1.506000000000000116e-01 3.315000000000000169e-01
-8.889999999999997904e-01 2.149999999999999828e-02 1.671999999999999875e-01 4.118999999999999329e-01
-8.649999999999997691e-01 2.280000000000000082e-02 1.927999999999999992e-01 4.876000000000000334e-01
-8.409999999999997478e-01 2.170000000000000401e-02 1.859000000000000097e-01 5.040000000000000036e-01
-8.169999999999997264e-01 2.130000000000000296e-02 1.796999999999999986e-01 5.584000000000000075e-01
-7.929999999999997051e-01 1.400000000000000029e-02 1.257000000000000062e-01 4.642999999999999905e-01
-7.689999999999996838e-01 6.899999999999999883e-03 8.190000000000000058e-02 2.975999999999999757e-01
-7.449999999999996625e-01 4.399999999999999398e-03 1.995000000000000107e-01 3.032999999999999585e-01
-7.209999999999996412e-01 7.199999999999999803e-03 3.079000000000000070e-01 5.019000000000000128e-01
-6.969999999999996199e-01 7.100000000000000408e-03 2.177999999999999936e-01 3.543999999999999928e-01
-6.729999999999995985e-01 5.199999999999999761e-03 1.501000000000000112e-01 2.399999999999999634e-01
-6.489999999999995772e-01 4.300000000000000003e-03 1.145000000000000046e-01 1.903999999999999859e-01
-6.250000000000000000e-01 6.899999999999999883e-03 1.238999999999999962e-01 2.983000000000000096e-01
-6.009999999999999787e-01 6.300000000000000912e-03 1.092000000000000054e-01 2.840999999999999637e-01
-5.769999999999999574e-01 5.499999999999999681e-03 9.549999999999998768e-02 2.611999999999999877e-01
-5.529999999999999361e-01 4.000000000000000083e-03 8.129999999999999727e-02 2.309999999999999831e-01
-5.289999999999999147e-01 3.200000000000000587e-03 6.829999999999999960e-02 1.996999999999999886e-01
-5.049999999999998934e-01 3.200000000000000587e-03 5.850000000000000339e-02 1.852999999999999925e-01
-4.809999999999998721e-01 2.399999999999999790e-03 5.040000000000000036e-02 1.742999999999999550e-01
-4.569999999999998508e-01 2.399999999999999790e-03 4.139999999999999236e-02 1.647000000000000131e-01
-4.329999999999998295e-01 2.399999999999999790e-03 3.259999999999999704e-02 1.558000000000000218e-01
-4.089999999999998082e-01 1.600000000000000294e-03 2.620000000000000454e-02 1.474000000000000032e-01
-3.849999999999997868e-01 1.600000000000000294e-03 2.160000000000000461e-02 1.419999999999999873e-01
-3.609999999999997655e-01 1.600000000000000294e-03 1.919999999999999832e-02 1.386999999999999900e-01
-3.369999999999997442e-01 8.000000000000001468e-04 1.679999999999999896e-02 1.377999999999999781e-01
-3.129999999999997229e-01 8.000000000000001468e-04 1.509999999999999537e-02 1.358000000000000040e-01
-2.889999999999997016e-01 8.000000000000001468e-04 1.439999999999999787e-02 1.395000000000000129e-01
-2.649999999999996803e-01 8.000000000000001468e-04 1.399999999999999856e-02 1.575000000000000289e-01
-2.409999999999996589e-01 8.000000000000001468e-04 1.359999999999999924e-02 1.652000000000000135e-01
-2.169999999999996376e-01 8.000000000000001468e-04 1.199999999999999852e-02 1.688000000000000056e-01
-1.929999999999996163e-01 8.000000000000001468e-04 9.599999999999999159e-03 1.658999999999999919e-01
-1.689999999999995950e-01 0.000000000000000000e+00 5.599999999999999943e-03 1.088000000000000078e-01
-1.449999999999995737e-01 0.000000000000000000e+00 4.000000000000000083e-03 8.479999999999998650e-02
-1.209999999999999964e-01 0.000000000000000000e+00 2.399999999999999790e-03 6.350000000000001477e-02
-9.699999999999997513e-02 0.000000000000000000e+00 1.600000000000000294e-03 4.389999999999998764e-02
-7.299999999999995381e-02 0.000000000000000000e+00 0.000000000000000000e+00 2.530000000000000304e-02
-4.899999999999993250e-02 0.000000000000000000e+00 0.000000000000000000e+00 1.079999999999999884e-02
-2.499999999999991118e-02 0.000000000000000000e+00 0.000000000000000000e+00 3.200000000000000587e-03
-9.999999999998898659e-04 0.000000000000000000e+00 0.000000000000000000e+00 0.000000000000000000e+00
2.300000000000013145e-02 0.000000000000000000e+00 0.000000000000000000e+00 0.000000000000000000e+00
4.700000000000015277e-02 0.000000000000000000e+00 0.000000000000000000e+00 0.000000000000000000e+00
7.100000000000017408e-02 0.000000000000000000e+00 0.000000000000000000e+00 0.000000000000000000e+00
9.500000000000019540e-02 0.000000000000000000e+00 0.000000000000000000e+00 0.000000000000000000e+00
1.190000000000002167e-01 0.000000000000000000e+00 0.000000000000000000e+00 0.000000000000000000e+00
1.430000000000002380e-01 0.000000000000000000e+00 0.000000000000000000e+00 0.000000000000000000e+00
1.670000000000002593e-01 0.000000000000000000e+00 0.000000000000000000e+00 0.000000000000000000e+00
1.910000000000002807e-01 0.000000000000000000e+00 0.000000000000000000e+00 0.000000000000000000e+00
2.150000000000003020e-01 0.000000000000000000e+00 0.000000000000000000e+00 0.000000000000000000e+00
2.390000000000003233e-01 0.000000000000000000e+00 0.000000000000000000e+00 0.000000000000000000e+00
2.630000000000003446e-01 0.000000000000000000e+00 0.000000000000000000e+00 0.000000000000000000e+00
2.870000000000003659e-01 0.000000000000000000e+00 0.000000000000000000e+00 0.000000000000000000e+00
3.110000000000003872e-01 0.000000000000000000e+00 0.000000000000000000e+00 0.000000000000000000e+00
3.350000000000004086e-01 0.000000000000000000e+00 0.000000000000000000e+00 0.000000000000000000e+00
3.590000000000004299e-01 0.000000000000000000e+00 0.000000000000000000e+00 0.000000000000000000e+00
3.830000000000000071e-01 0.000000000000000000e+00 0.000000000000000000e+00 0.000000000000000000e+00
4.070000000000000284e-01 0.000000000000000000e+00 0.000000000000000000e+00 0.000000000000000000e+00
4.310000000000000497e-01 0.000000000000000000e+00 0.000000000000000000e+00 0.000000000000000000e+00
4.550000000000000711e-01 0.000000000000000000e+00 0.000000000000000000e+00 0.000000000000000000e+00
4.790000000000000924e-01 0.000000000000000000e+00 0.000000000000000000e+00 0.000000000000000000e+00
5.030000000000001137e-01 0.000000000000000000e+00 0.000000000000000000e+00 0.000000000000000000e+00
5.270000000000001350e-01 0.000000000000000000e+00 0.000000000000000000e+00 0.000000000000000000e+00
5.510000000000001563e-01 0.000000000000000000e+00 0.000000000000000000e+00 0.000000000000000000e+00
5.750000000000001776e-01 0.000000000000000000e+00 0.000000000000000000e+00 0.000000000000000000e+00
5.990000000000001990e-01 0.000000000000000000e+00 0.000000000000000000e+00 0.000000000000000000e+00
6.230000000000002203e-01 0.000000000000000000e+00 0.000000000000000000e+00 0.000000000000000000e+00
6.470000000000002416e-01 0.000000000000000000e+00 0.000000000000000000e+00 0.000000000000000000e+00
6.710000000000002629e-01 0.000000000000000000e+00 0.000000000000000000e+00 0.000000000000000000e+00
6.950000000000002842e-01 0.000000000000000000e+00 0.000000000000000000e+00 0.000000000000000000e+00
7.190000000000003055e-01 0.000000000000000000e+00 0.000000000000000000e+00 0.000000000000000000e+00
7.430000000000003268e-01 0.000000000000000000e+00 0.000000000000000000e+00 0.000000000000000000e+00
7.670000000000003482e-01 0.000000000000000000e+00 0.000000000000000000e+00 0.000000000000000000e+00
7.910000000000003695e-01 0.000000000000000000e+00 0.000000000000000000e+00 0.000000000000000000e+00
8.150000000000003908e-01 0.000000000000000000e+00 0.000000000000000000e+00 0.000000000000000000e+00
8.390000000000004121e-01 0.000000000000000000e+00 0.000000000000000000e+00 0.000000000000000000e+00
8.630000000000004334e-01 0.000000000000000000e+00 0.000000000000000000e+00 0.000000000000000000e+00
8.870000000000000107e-01 0.000000000000000000e+00 0.000000000000000000e+00 0.000000000000000000e+00
9.110000000000000320e-01 0.000000000000000000e+00 0.000000000000000000e+00 0.000000000000000000e+00
9.350000000000000533e-01 0.000000000000000000e+00 0.000000000000000000e+00 0.000000000000000000e+00
9.590000000000000746e-01 0.000000000000000000e+00 0.000000000000000000e+00 0.000000000000000000e+00
9.830000000000000959e-01 0.000000000000000000e+00 0.000000000000000000e+00 0.000000000000000000e+00
1.007000000000000117e+00 0.000000000000000000e+00 0.000000000000000000e+00 0.000000000000000000e+00
1.031000000000000139e+00 0.000000000000000000e+00 0.000000000000000000e+00 0.000000000000000000e+00
1.055000000000000160e+00 0.000000000000000000e+00 0.000000000000000000e+00 0.000000000000000000e+00
1.079000000000000181e+00 0.000000000000000000e+00 0.000000000000000000e+00 0.000000000000000000e+00
1.103000000000000203e+00 0.000000000000000000e+00 0.000000000000000000e+00 0.000000000000000000e+00
1.127000000000000224e+00 0.000000000000000000e+00 0.000000000000000000e+00 0.000000000000000000e+00
1.151000000000000245e+00 0.000000000000000000e+00 0.000000000000000000e+00 0.000000000000000000e+00
1.175000000000000266e+00 0.000000000000000000e+00 0.000000000000000000e+00 0.000000000000000000e+00
1.199000000000000288e+00 0.000000000000000000e+00 0.000000000000000000e+00 0.000000000000000000e+00
1.223000000000000309e+00 0.000000000000000000e+00 0.000000000000000000e+00 0.000000000000000000e+00
1.247000000000000330e+00 0.000000000000000000e+00 0.000000000000000000e+00 0.000000000000000000e+00
1.271000000000000352e+00 0.000000000000000000e+00 0.000000000000000000e+00 0.000000000000000000e+00
1.295000000000000373e+00 0.000000000000000000e+00 0.000000000000000000e+00 0.000000000000000000e+00
1.319000000000000394e+00 0.000000000000000000e+00 0.000000000000000000e+00 0.000000000000000000e+00
1.343000000000000416e+00 0.000000000000000000e+00 0.000000000000000000e+00 0.000000000000000000e+00
1.367000000000000437e+00 0.000000000000000000e+00 0.000000000000000000e+00 0.000000000000000000e+00
1.391000000000000458e+00 0.000000000000000000e+00 0.000000000000000000e+00 0.000000000000000000e+00
1.415000000000000480e+00 0.000000000000000000e+00 0.000000000000000000e+00 0.000000000000000000e+00
1.439000000000000501e+00 0.000000000000000000e+00 0.000000000000000000e+00 0.000000000000000000e+00
1.463000000000000522e+00 0.000000000000000000e+00 0.000000000000000000e+00 0.000000000000000000e+00
1.487000000000000544e+00 0.000000000000000000e+00 0.000000000000000000e+00 0.000000000000000000e+00
1.511000000000000565e+00 0.000000000000000000e+00 0.000000000000000000e+00 0.000000000000000000e+00
1.535000000000000586e+00 0.000000000000000000e+00 0.000000000000000000e+00 0.000000000000000000e+00
1.559000000000000608e+00 0.000000000000000000e+00 0.000000000000000000e+00 0.000000000000000000e+00
1.583000000000000629e+00 0.000000000000000000e+00 0.000000000000000000e+00 0.000000000000000000e+00
1.607000000000000650e+00 0.000000000000000000e+00 0.000000000000000000e+00 0.000000000000000000e+00
1.630999999999999783e+00 0.000000000000000000e+00 0.000000000000000000e+00 0.000000000000000000e+00
1.654999999999999805e+00 0.000000000000000000e+00 0.000000000000000000e+00 0.000000000000000000e+00
1.678999999999999826e+00 0.000000000000000000e+00 0.000000000000000000e+00 0.000000000000000000e+00
1.702999999999999847e+00 0.000000000000000000e+00 0.000000000000000000e+00 0.000000000000000000e+00
1.726999999999999869e+00 0.000000000000000000e+00 0.000000000000000000e+00 0.000000000000000000e+00
1.750999999999999890e+00 0.000000000000000000e+00 0.000000000000000000e+00 0.000000000000000000e+00
1.774999999999999911e+00 0.000000000000000000e+00 0.000000000000000000e+00 0.000000000000000000e+00
1.798999999999999932e+00 0.000000000000000000e+00 0.000000000000000000e+00 0.000000000000000000e+00
1.822999999999999954e+00 0.000000000000000000e+00 0.000000000000000000e+00 0.000000000000000000e+00
1.846999999999999975e+00 0.000000000000000000e+00 0.000000000000000000e+00 0.000000000000000000e+00
1.870999999999999996e+00 0.000000000000000000e+00 0.000000000000000000e+00 0.000000000000000000e+00
1.895000000000000018e+00 0.000000000000000000e+00 0.000000000000000000e+00 0.000000000000000000e+00
1.919000000000000039e+00 0.000000000000000000e+00 0.000000000000000000e+00 0.000000000000000000e+00
1.943000000000000060e+00 0.000000000000000000e+00 0.000000000000000000e+00 0.000000000000000000e+00
1.967000000000000082e+00 0.000000000000000000e+00 0.000000000000000000e+00 0.000000000000000000e+00
1.991000000000000103e+00 0.000000000000000000e+00 0.000000000000000000e+00 0.000000000000000000e+00
2.015000000000000124e+00 0.000000000000000000e+00 0.000000000000000000e+00 0.000000000000000000e+00
2.039000000000000146e+00 0.000000000000000000e+00 0.000000000000000000e+00 0.000000000000000000e+00
2.063000000000000167e+00 0.000000000000000000e+00 0.000000000000000000e+00 0.000000000000000000e+00
2.087000000000000188e+00 0.000000000000000000e+00 0.000000000000000000e+00 0.000000000000000000e+00
2.111000000000000210e+00 0.000000000000000000e+00 0.000000000000000000e+00 0.000000000000000000e+00
2.135000000000000231e+00 0.000000000000000000e+00 0.000000000000000000e+00 0.000000000000000000e+00
2.159000000000000252e+00 0.000000000000000000e+00 0.000000000000000000e+00 0.000000000000000000e+00
2.183000000000000274e+00 0.000000000000000000e+00 0.000000000000000000e+00 0.000000000000000000e+00
2.207000000000000295e+00 0.000000000000000000e+00 0.000000000000000000e+00 0.000000000000000000e+00
2.231000000000000316e+00 0.000000000000000000e+00 0.000000000000000000e+00 0.000000000000000000e+00
2.255000000000000338e+00 0.000000000000000000e+00 0.000000000000000000e+00 3.200000000000000587e-03
2.279000000000000359e+00 0.000000000000000000e+00 0.000000000000000000e+00 1.249999999999999896e-02
2.303000000000000380e+00 0.000000000000000000e+00 0.000000000000000000e+00 1.520000000000000344e-02
2.327000000000000401e+00 0.000000000000000000e+00 0.000000000000000000e+00 1.929999999999999771e-02
2.351000000000000423e+00 0.000000000000000000e+00 0.000000000000000000e+00 2.560000000000000470e-02
2.375000000000000444e+00 0.000000000000000000e+00 0.000000000000000000e+00 3.250000000000000111e-02
2.399000000000000465e+00 0.000000000000000000e+00 0.000000000000000000e+00 3.839999999999999664e-02
2.423000000000000487e+00 0.000000000000000000e+00 0.000000000000000000e+00 4.419999999999999624e-02
2.447000000000000508e+00 0.000000000000000000e+00 0.000000000000000000e+00 5.120000000000001633e-02
2.471000000000000529e+00 0.000000000000000000e+00 0.000000000000000000e+00 5.759999999999999842e-02
2.495000000000000551e+00 0.000000000000000000e+00 0.000000000000000000e+00 6.320000000000002005e-02
2.519000000000000572e+00 0.000000000000000000e+00 0.000000000000000000e+00 7.079999999999998794e-02
2.543000000000000593e+00 8.000000000000001468e-04 0.000000000000000000e+00 7.679999999999999327e-02
2.567000000000000615e+00 8.000000000000001468e-04 0.000000000000000000e+00 8.469999999999998364e-02
2.591000000000000636e+00 8.000000000000001468e-04 0.000000000000000000e+00 9.679999999999999716e-02
2.615000000000000657e+00 8.000000000000001468e-04 0.000000000000000000e+00 1.086000000000000160e-01
2.638999999999999790e+00 8.000000000000001468e-04 1.600000000000000294e-03 1.224999999999999700e-01
2.662999999999999812e+00 8.000000000000001468e-04 2.399999999999999790e-03 1.127999999999999975e-01
2.686999999999999833e+00 8.000000000000001468e-04 2.399999999999999790e-03 1.049999999999999961e-01
2.710999999999999854e+00 1.600000000000000294e-03 2.399999999999999790e-03 1.035999999999999838e-01
2.734999999999999876e+00 1.600000000000000294e-03 2.399999999999999790e-03 1.028999999999999915e-01
2.758999999999999897e+00 1.600000000000000294e-03 2.399999999999999790e-03 9.870000000000000995e-02
2.782999999999999918e+00 1.600000000000000294e-03 2.399999999999999790e-03 9.609999999999999098e-02
2.806999999999999940e+00 1.600000000000000294e-03 2.399999999999999790e-03 8.990000000000000768e-02
2.830999999999999961e+00 1.600000000000000294e-03 2.399999999999999790e-03 8.550000000000000655e-02
2.854999999999999982e+00 1.600000000000000294e-03 2.399999999999999790e-03 7.860000000000000320e-02
2.879000000000000004e+00 1.600000000000000294e-03 2.399999999999999790e-03 7.889999999999999791e-02
2.903000000000000025e+00 1.600000000000000294e-03 2.399999999999999790e-03 7.989999999999998492e-02
2.927000000000000046e+00 1.600000000000000294e-03 2.399999999999999790e-03 8.219999999999999529e-02
2.951000000000000068e+00 2.199999999999999699e-03 2.399999999999999790e-03 8.340000000000000191e-02
2.975000000000000089e+00 2.299999999999999527e-03 2.399999999999999790e-03 8.530000000000000082e-02
2.999000000000000110e+00 2.399999999999999790e-03 2.399999999999999790e-03 8.769999999999997242e-02
3.023000000000000131e+00 2.399999999999999790e-03 2.499999999999999618e-03 9.000000000000002442e-02
3.047000000000000153e+00 2.399999999999999790e-03 3.900000000000000255e-03 9.199999999999999845e-02
3.071000000000000174e+00 2.399999999999999790e-03 4.400000000000000265e-03 9.500000000000000111e-02
3.095000000000000195e+00 2.399999999999999790e-03 4.799999999999999580e-03 9.719999999999999474e-02
3.119000000000000217e+00 3.200000000000000587e-03 4.799999999999999580e-03 1.001999999999999835e-01
3.143000000000000238e+00 3.200000000000000587e-03 4.799999999999999580e-03 1.029000000000000054e-01
3.167000000000000259e+00 3.200000000000000587e-03 4.799999999999999580e-03 1.065000000000000113e-01
3.191000000000000281e+00 3.200000000000000587e-03 4.799999999999999580e-03 1.086000000000000021e-01
3.215000000000000302e+00 3.200000000000000587e-03 4.799999999999999580e-03 1.123999999999999999e-01
3.239000000000000323e+00 4.000000000000000083e-03 4.799999999999999580e-03 1.192999999999999894e-01
3.263000000000000345e+00 4.799999999999999580e-03 4.799999999999999580e-03 1.376000000000000001e-01
3.287000000000000366e+00 4.799999999999999580e-03 4.799999999999999580e-03 1.285000000000000031e-01
3.311000000000000387e+00 4.799999999999999580e-03 4.799999999999999580e-03 1.157999999999999863e-01
3.335000000000000409e+00 4.999999999999999237e-03 5.400000000000000286e-03 1.246000000000000024e-01
3.359000000000000430e+00 9.599999999999999159e-03 1.080000000000000057e-02 1.688000000000000056e-01
3.383000000000000451e+00 5.599999999999999943e-03 8.000000000000000167e-03 1.237999999999999934e-01
3.407000000000000473e+00 5.599999999999999943e-03 9.599999999999999159e-03 1.203999999999999931e-01
3.431000000000000494e+00 5.599999999999999943e-03 1.000000000000000194e-02 1.111999999999999794e-01
3.455000000000000515e+00 8.300000000000000086e-03 2.150000000000000522e-02 1.364999999999999825e-01
3.479000000000000536e+00 8.200000000000000691e-03 1.629999999999999852e-02 1.141000000000000070e-01
3.503000000000000558e+00 7.900000000000000772e-03 1.439999999999999787e-02 1.141000000000000070e-01
3.527000000000000579e+00 7.799999999999999642e-03 1.439999999999999787e-02 1.145000000000000184e-01
3.551000000000000600e+00 7.799999999999999642e-03 1.239999999999999956e-02 1.142000000000000098e-01
3.575000000000000622e+00 7.499999999999999722e-03 1.199999999999999852e-02 1.132999999999999979e-01
3.599000000000000643e+00 7.199999999999999803e-03 1.199999999999999852e-02 1.128000000000000114e-01
3.622999999999999776e+00 7.199999999999999803e-03 9.999999999999998473e-03 1.121000000000000052e-01
3.646999999999999797e+00 7.000000000000000146e-03 9.599999999999999159e-03 1.101999999999999924e-01
3.670999999999999819e+00 7.000000000000000146e-03 9.599999999999999159e-03 1.118999999999999995e-01
3.694999999999999840e+00 7.299999999999999198e-03 9.599999999999999159e-03 1.206000000000000127e-01
3.718999999999999861e+00 7.900000000000000772e-03 8.900000000000001660e-03 1.272999999999999965e-01
3.742999999999999883e+00 8.099999999999999561e-03 7.900000000000000772e-03 1.317999999999999727e-01
3.766999999999999904e+00 8.400000000000001216e-03 9.399999999999998634e-03 1.381000000000000005e-01
3.790999999999999925e+00 9.700000000000000289e-03 1.499999999999999944e-02 1.616000000000000214e-01
3.814999999999999947e+00 1.069999999999999944e-02 1.849999999999999908e-02 1.733000000000000096e-01
3.838999999999999968e+00 1.220000000000000077e-02 2.389999999999999764e-02 1.899000000000000132e-01
3.862999999999999989e+00 1.450000000000000074e-02 2.889999999999999514e-02 2.353000000000000091e-01
3.887000000000000011e+00 1.790000000000000271e-02 3.319999999999999341e-02 2.766000000000000125e-01
3.911000000000000032e+00 1.959999999999999590e-02 3.830000000000000071e-02 3.240000000000000102e-01
3.935000000000000053e+00 1.439999999999999787e-02 3.409999999999999143e-02 2.038999999999999702e-01
3.959000000000000075e+00 1.839999999999999969e-02 3.639999999999999486e-02 2.485999999999999877e-01
3.983000000000000096e+00 2.079999999999999905e-02 3.899999999999999994e-02 2.822999999999999954e-01
4.006999999999999673e+00 2.089999999999999497e-02 3.539999999999999397e-02 2.791999999999999482e-01
4.031000000000000583e+00 2.150000000000000175e-02 3.470000000000000168e-02 2.764000000000000346e-01
4.054999999999999716e+00 2.249999999999999917e-02 3.610000000000000708e-02 2.745000000000000218e-01
4.079000000000000625e+00 2.590000000000000635e-02 4.159999999999999115e-02 2.971999999999999642e-01
4.102999999999999758e+00 3.289999999999999869e-02 5.040000000000000036e-02 3.353999999999999759e-01
4.127000000000000668e+00 3.649999999999999772e-02 5.140000000000000124e-02 3.650999999999999801e-01
4.150999999999999801e+00 3.819999999999999785e-02 6.600000000000000311e-02 3.750000000000000555e-01
4.175000000000000711e+00 3.020000000000000462e-02 7.640000000000000957e-02 3.028000000000000136e-01
4.198999999999999844e+00 3.040000000000000341e-02 9.120000000000000329e-02 3.098000000000000198e-01
4.223000000000000753e+00 2.799999999999999711e-02 6.859999999999999432e-02 2.806000000000000716e-01
4.246999999999999886e+00 2.560000000000000470e-02 5.169999999999999596e-02 2.662999999999999812e-01
4.271000000000000796e+00 3.070000000000000159e-02 5.669999999999998652e-02 3.346999999999999975e-01
4.294999999999999929e+00 2.909999999999999393e-02 5.489999999999999741e-02 3.497999999999999998e-01
4.319000000000000838e+00 3.160000000000000309e-02 5.610000000000000403e-02 4.077999999999999958e-01
4.342999999999999972e+00 2.650000000000000272e-02 5.639999999999999181e-02 3.703000000000000180e-01
4.367000000000000881e+00 2.540000000000000244e-02 5.629999999999998894e-02 3.617000000000000215e-01
4.391000000000000014e+00 2.520000000000000018e-02 5.910000000000000669e-02 3.565999999999999726e-01
4.415000000000000924e+00 2.400000000000000050e-02 5.809999999999999887e-02 3.388999999999999790e-01
4.439000000000000057e+00 2.249999999999999917e-02 5.500000000000000028e-02 3.188999999999999613e-01
4.463000000000000966e+00 2.160000000000000114e-02 5.250000000000000500e-02 3.023000000000000131e-01
4.487000000000000099e+00 2.719999999999999848e-02 5.440000000000000391e-02 3.821999999999999842e-01
4.511000000000001009e+00 1.600000000000000033e-02 8.300000000000000433e-02 2.234000000000000152e-01
4.535000000000000142e+00 1.119999999999999989e-02 4.019999999999999962e-02 1.597000000000000086e-01
4.559000000000001052e+00 1.359999999999999924e-02 4.710000000000000298e-02 1.803000000000000158e-01
4.583000000000000185e+00 1.119999999999999989e-02 4.179999999999998994e-02 1.529999999999999971e-01
4.607000000000001094e+00 8.800000000000000530e-03 3.520000000000000212e-02 1.228999999999999954e-01
4.631000000000000227e+00 4.799999999999999580e-03 2.440000000000000502e-02 7.939999999999999836e-02
4.654999999999999361e+00 1.600000000000000294e-03 2.640000000000000333e-02 3.920000000000000567e-02
4.679000000000000270e+00 8.000000000000001468e-04 4.400000000000000265e-03 1.119999999999999989e-02
4.702999999999999403e+00 8.000000000000001468e-04 6.400000000000001174e-03 1.319999999999999993e-02
4.727000000000000313e+00 1.600000000000000294e-03 7.199999999999998936e-03 1.750000000000000167e-02
4.750999999999999446e+00 2.000000000000000042e-03 7.199999999999998936e-03 2.329999999999999780e-02
4.775000000000000355e+00 2.399999999999999790e-03 7.199999999999998936e-03 2.849999999999999756e-02
4.798999999999999488e+00 2.399999999999999790e-03 9.599999999999999159e-03 2.929999999999999966e-02
4.823000000000000398e+00 2.399999999999999790e-03 1.039999999999999952e-02 2.670000000000000151e-02
4.846999999999999531e+00 1.600000000000000294e-03 4.799999999999999580e-03 1.700000000000000122e-02
4.871000000000000441e+00 1.600000000000000294e-03 4.799999999999999580e-03 1.520000000000000170e-02
4.894999999999999574e+00 1.600000000000000294e-03 4.799999999999999580e-03 1.490000000000000005e-02
4.919000000000000483e+00 1.600000000000000294e-03 4.799999999999999580e-03 1.540000000000000396e-02
4.943000000000001393e+00 1.600000000000000294e-03 4.700000000000000185e-03 1.540000000000000223e-02
4.967000000000000526e+00 1.600000000000000294e-03 4.000000000000000083e-03 1.520000000000000344e-02
4.991000000000001435e+00 1.600000000000000294e-03 3.300000000000000416e-03 1.439999999999999787e-02
5.015000000000000568e+00 1.600000000000000294e-03 3.200000000000000587e-03 1.399999999999999856e-02
5.039000000000001478e+00 1.600000000000000294e-03 3.200000000000000587e-03 1.360000000000000098e-02
5.063000000000000611e+00 1.600000000000000294e-03 2.399999999999999790e-03 1.360000000000000098e-02
5.087000000000001521e+00 1.600000000000000294e-03 2.399999999999999790e-03 1.370000000000000037e-02
5.111000000000000654e+00 1.600000000000000294e-03 2.399999999999999790e-03 1.389999999999999916e-02
5.134999999999999787e+00 1.600000000000000294e-03 2.399999999999999790e-03 1.400000000000000029e-02
5.159000000000000696e+00 1.400000000000000203e-03 2.399999999999999790e-03 1.530000000000000110e-02
5.182999999999999829e+00 1.600000000000000294e-03 2.399999999999999790e-03 1.630000000000000199e-02
5.207000000000000739e+00 1.600000000000000294e-03 2.399999999999999790e-03 1.670000000000000304e-02
5.230999999999999872e+00 1.800000000000000168e-03 2.399999999999999790e-03 1.949999999999999997e-02
5.255000000000000782e+00 2.099999999999999870e-03 2.399999999999999790e-03 2.359999999999999945e-02
5.278999999999999915e+00 1.600000000000000294e-03 2.399999999999999790e-03 1.619999999999999912e-02
5.303000000000000824e+00 1.600000000000000294e-03 2.399999999999999790e-03 1.489999999999999832e-02
5.326999999999999957e+00 1.500000000000000248e-03 2.399999999999999790e-03 1.449999999999999727e-02
5.351000000000000867e+00 1.400000000000000203e-03 2.399999999999999790e-03 1.419999999999999908e-02
5.375000000000000000e+00 1.200000000000000112e-03 2.399999999999999790e-03 1.379999999999999803e-02
5.399000000000000909e+00 1.000000000000000238e-03 2.399999999999999790e-03 1.389999999999999743e-02
5.423000000000000043e+00 9.000000000000001922e-04 2.200000000000000133e-03 1.429999999999999848e-02
5.447000000000000952e+00 9.000000000000001922e-04 2.399999999999999790e-03 1.879999999999999727e-02
5.471000000000000085e+00 1.400000000000000203e-03 2.399999999999999790e-03 3.080000000000000446e-02
5.495000000000000995e+00 9.000000000000001922e-04 2.399999999999999790e-03 2.459999999999999687e-02
5.519000000000000128e+00 9.000000000000001922e-04 2.399999999999999790e-03 1.989999999999999408e-02
5.543000000000001037e+00 9.000000000000001922e-04 2.399999999999999790e-03 1.949999999999999650e-02
5.567000000000000171e+00 9.000000000000001922e-04 2.399999999999999790e-03 1.959999999999999590e-02
5.591000000000001080e+00 9.000000000000001922e-04 2.399999999999999790e-03 1.969999999999999529e-02
5.615000000000000213e+00 9.000000000000001922e-04 2.399999999999999790e-03 1.999999999999999695e-02
5.639000000000001123e+00 9.000000000000001922e-04 2.399999999999999790e-03 1.999999999999999695e-02
5.663000000000000256e+00 9.000000000000001922e-04 2.399999999999999790e-03 1.999999999999999695e-02
5.687000000000001165e+00 9.000000000000001922e-04 2.399999999999999790e-03 1.969999999999999876e-02
5.711000000000000298e+00 1.500000000000000248e-03 2.399999999999999790e-03 2.209999999999999812e-02
5.735000000000001208e+00 1.600000000000000294e-03 2.399999999999999790e-03 2.309999999999999901e-02
5.759000000000000341e+00 1.200000000000000112e-03 2.399999999999999790e-03 2.099999999999999784e-02
5.783000000000001251e+00 9.000000000000001922e-04 1.300000000000000157e-03 1.859999999999999848e-02
5.807000000000000384e+00 1.000000000000000238e-03 8.999999999999999754e-04 1.849999999999999908e-02
5.831000000000001293e+00 1.000000000000000238e-03 1.000000000000000048e-04 1.689999999999999836e-02
5.855000000000000426e+00 1.000000000000000238e-03 0.000000000000000000e+00 1.650000000000000078e-02
5.879000000000001336e+00 9.000000000000001922e-04 0.000000000000000000e+00 1.529999999999999936e-02
5.903000000000000469e+00 1.000000000000000238e-03 0.000000000000000000e+00 1.490000000000000005e-02
5.927000000000001378e+00 1.000000000000000238e-03 0.000000000000000000e+00 1.460000000000000013e-02
5.951000000000000512e+00 1.000000000000000238e-03 0.000000000000000000e+00 1.450000000000000074e-02
5.975000000000001421e+00 1.000000000000000238e-03 0.000000000000000000e+00 1.519999999999999997e-02
5.999000000000000554e+00 1.100000000000000283e-03 3.000000000000000279e-04 1.609999999999999973e-02
6.023000000000001464e+00 1.500000000000000248e-03 6.000000000000000559e-04 1.710000000000000062e-02
6.047000000000000597e+00 1.700000000000000339e-03 1.200000000000000112e-03 1.890000000000000013e-02
6.071000000000001506e+00 2.299999999999999961e-03 2.000000000000000042e-03 2.230000000000000038e-02
6.095000000000000639e+00 3.299999999999999982e-03 2.299999999999999961e-03 2.790000000000000119e-02
6.118999999999999773e+00 4.500000000000000527e-03 2.700000000000000143e-03 3.590000000000000135e-02
6.143000000000000682e+00 4.800000000000000447e-03 2.700000000000000143e-03 3.540000000000000091e-02
6.166999999999999815e+00 5.899999999999998995e-03 2.800000000000000405e-03 3.670000000000000345e-02
6.191000000000000725e+00 7.200000000000000670e-03 2.900000000000000234e-03 3.959999999999999631e-02
6.214999999999999858e+00 9.400000000000000369e-03 4.000000000000000083e-03 4.649999999999999967e-02
6.239000000000000767e+00 1.310000000000000053e-02 5.700000000000000205e-03 6.279999999999999472e-02
6.262999999999999901e+00 1.339999999999999872e-02 5.599999999999999943e-03 6.029999999999999943e-02
