# energy s p d
-5.767900000000000027e+00 0.000000000000000000e+00 0.000000000000000000e+00 0.000000000000000000e+00
-5.743900000000000006e+00 0.000000000000000000e+00 0.000000000000000000e+00 0.000000000000000000e+00
-5.719899999999999984e+00 0.000000000000000000e+00 0.000000000000000000e+00 0.000000000000000000e+00
-5.695899999999999963e+00 0.000000000000000000e+00 0.000000000000000000e+00 0.000000000000000000e+00
-5.671899999999999942e+00 0.000000000000000000e+00 0.000000000000000000e+00 0.000000000000000000e+00
-5.647899999999999920e+00 0.000000000000000000e+00 0.000000000000000000e+00 0.000000000000000000e+00
-5.623899999999999899e+00 0.000000000000000000e+00 0.000000000000000000e+00 0.000000000000000000e+00
-5.599899999999999878e+00 0.000000000000000000e+00 0.000000000000000000e+00 0.000000000000000000e+00
-5.575899999999999856e+00 0.000000000000000000e+00 0.000000000000000000e+00 0.000000000000000000e+00
-5.551899999999999835e+00 0.000000000000000000e+00 0.000000000000000000e+00 0.000000000000000000e+00
-5.527899999999999814e+00 0.000000000000000000e+00 0.000000000000000000e+00 0.000000000000000000e+00
-5.503899999999999793e+00 0.000000000000000000e+00 0.000000000000000000e+00 0.000000000000000000e+00
-5.479899999999999771e+00 0.000000000000000000e+00 0.000000000000000000e+00 0.000000000000000000e+00
-5.455899999999999750e+00 0.000000000000000000e+00 0.000000000000000000e+00 0.000000000000000000e+00
-5.431899999999999729e+00 0.000000000000000000e+00 0.000000000000000000e+00 0.000000000000000000e+00
-5.407899999999999707e+00 0.000000000000000000e+00 0.000000000000000000e+00 0.000000000000000000e+00
-5.383900000000000574e+00 0.000000000000000000e+00 0.000000000000000000e+00 0.000000000000000000e+00
-5.359899999999999665e+00 0.000000000000000000e+00 0.000000000000000000e+00 0.000000000000000000e+00
-5.335900000000000531e+00 0.000000000000000000e+00 0.000000000000000000e+00 0.000000000000000000e+00
-5.311899999999999622e+00 0.000000000000000000e+00 0.000000000000000000e+00 0.000000000000000000e+00
-5.287900000000000489e+00 0.000000000000000000e+00 0.000000000000000000e+00 0.000000000000000000e+00
-5.263899999999999579e+00 0.000000000000000000e+00 0.000000000000000000e+00 0.000000000000000000e+00
-5.239900000000000446e+00 0.000000000000000000e+00 0.000000000000000000e+00 0.000000000000000000e+00
-5.215899999999999537e+00 0.000000000000000000e+00 0.000000000000000000e+00 0.000000000000000000e+00
-5.191900000000000404e+00 0.000000000000000000e+00 0.000000000000000000e+00 0.000000000000000000e+00
-5.167899999999999494e+00 0.000000000000000000e+00 0.000000000000000000e+00 0.000000000000000000e+00
-5.143900000000000361e+00 0.000000000000000000e+00 0.000000000000000000e+00 0.000000000000000000e+00
-5.119899999999999451e+00 0.000000000000000000e+00 0.000000000000000000e+00 0.000000000000000000e+00
-5.095900000000000318e+00 0.000000000000000000e+00 0.000000000000000000e+00 0.000000000000000000e+00
-5.071899999999999409e+00 0.000000000000000000e+00 0.000000000000000000e+00 0.000000000000000000e+00
-5.047900000000000276e+00 0.000000000000000000e+00 0.000000000000000000e+00 0.000000000000000000e+00
-5.023899999999999366e+00 0.000000000000000000e+00 0.000000000000000000e+00 0.000000000000000000e+00
-4.999900000000000233e+00 0.000000000000000000e+00 0.000000000000000000e+00 0.000000000000000000e+00
-4.975900000000000212e+00 0.000000000000000000e+00 0.000000000000000000e+00 0.000000000000000000e+00
-4.951900000000000190e+00 0.000000000000000000e+00 0.000000000000000000e+00 0.000000000000000000e+00
-4.927900000000000169e+00 0.000000000000000000e+00 0.000000000000000000e+00 0.000000000000000000e+00
-4.903900000000000148e+00 0.000000000000000000e+00 0.000000000000000000e+00 0.000000000000000000e+00
-4.879900000000000126e+00 0.000000000000000000e+00 0.000000000000000000e+00 0.000000000000000000e+00
-4.855900000000000105e+00 0.000000000000000000e+00 0.000000000000000000e+00 0.000000000000000000e+00
-4.831900000000000084e+00 0.000000000000000000e+00 0.000000000000000000e+00 0.000000000000000000e+00
-4.807900000000000063e+00 0.000000000000000000e+00 0.000000000000000000e+00 0.000000000000000000e+00
-4.783900000000000041e+00 0.000000000000000000e+00 0.000000000000000000e+00 0.000000000000000000e+00
-4.759900000000000020e+00 0.000000000000000000e+00 0.000000000000000000e+00 0.000000000000000000e+00
-4.735899999999999999e+00 0.000000000000000000e+00 0.000000000000000000e+00 0.000000000000000000e+00
-4.711899999999999977e+00 0.000000000000000000e+00 0.000000000000000000e+00 0.000000000000000000e+00
-4.687899999999999956e+00 0.000000000000000000e+00 0.000000000000000000e+00 0.000000000000000000e+00
-4.663899999999999935e+00 0.000000000000000000e+00 0.000000000000000000e+00 0.000000000000000000e+00
-4.639899999999999913e+00 0.000000000000000000e+00 0.000000000000000000e+00 0.000000000000000000e+00
-4.615899999999999892e+00 0.000000000000000000e+00 0.000000000000000000e+00 0.000000000000000000e+00
-4.591899999999999871e+00 0.000000000000000000e+00 0.000000000000000000e+00 0.000000000000000000e+00
-4.567899999999999849e+00 0.000000000000000000e+00 0.000000000000000000e+00 0.000000000000000000e+00
-4.543899999999999828e+00 0.000000000000000000e+00 0.000000000000000000e+00 0.000000000000000000e+00
-4.519899999999999807e+00 0.000000000000000000e+00 0.000000000000000000e+00 0.000000000000000000e+00
-4.495899999999999785e+00 2.200000000000000133e-03 5.239000000000000323e-01 0.000000000000000000e+00
-4.471899999999999764e+00 5.700000000000000205e-03 1.337599999999999900e+00 0.000000000000000000e+00
-4.447899999999999743e+00 1.200000000000000025e-02 2.564999999999999947e+00 0.000000000000000000e+00
-4.423899999999999721e+00 9.000000000000001055e-03 2.089999999999999858e+00 0.000000000000000000e+00
-4.399899999999999700e+00 1.019999999999999900e-02 2.393299999999999983e+00 0.000000000000000000e+00
-4.375899999999999679e+00 1.019999999999999900e-02 2.528299999999999770e+00 0.000000000000000000e+00
-4.351899999999999658e+00 1.050000000000000065e-02 2.630099999999999660e+00 0.000000000000000000e+00
-4.327899999999999636e+00 1.449999999999999900e-02 4.547600000000000087e+00 0.000000000000000000e+00
-4.303899999999999615e+00 1.110000000000000049e-02 3.883100000000000662e+00 0.000000000000000000e+00
-4.279899999999999594e+00 4.800000000000000447e-03 1.572200000000000042e+00 0.000000000000000000e+00
-4.255900000000000460e+00 4.599999999999999922e-03 1.558599999999999985e+00 0.000000000000000000e+00
-4.231899999999999551e+00 4.500000000000000527e-03 1.550099999999999811e+00 0.000000000000000000e+00
-4.207900000000000418e+00 4.500000000000000527e-03 1.546599999999999753e+00 0.000000000000000000e+00
-4.183899999999999508e+00 4.500000000000000527e-03 1.548100000000000032e+00 0.000000000000000000e+00
-4.159900000000000375e+00 7.000000000000000146e-03 5.359100000000000641e+00 0.000000000000000000e+00
-4.135899999999999466e+00 5.700000000000000205e-03 2.755499999999999616e+00 0.000000000000000000e+00
-4.111900000000000333e+00 5.400000000000000286e-03 2.064099999999999824e+00 0.000000000000000000e+00
-4.087899999999999423e+00 5.400000000000000286e-03 2.085999999999999854e+00 0.000000000000000000e+00
-4.063900000000000290e+00 5.700000000000000205e-03 2.116500000000000270e+00 0.000000000000000000e+00
-4.039899999999999380e+00 6.000000000000000125e-03 2.155799999999999716e+00 0.000000000000000000e+00
-4.015900000000000247e+00 6.099999999999999520e-03 2.200099999999999945e+00 0.000000000000000000e+00
-3.991899999999999782e+00 6.300000000000000044e-03 2.225999999999999979e+00 0.000000000000000000e+00
-3.967899999999999761e+00 6.300000000000000044e-03 1.965700000000000003e+00 0.000000000000000000e+00
-3.943900000000000183e+00 8.399999999999999481e-03 2.252099999999999991e+00 0.000000000000000000e+00
-3.919900000000000162e+00 7.499999999999999722e-03 2.067699999999999871e+00 0.000000000000000000e+00
-3.895900000000000141e+00 6.899999999999999883e-03 1.850799999999999779e+00 0.000000000000000000e+00
-3.871900000000000119e+00 6.700000000000001094e-03 1.789399999999999880e+00 0.000000000000000000e+00
-3.847900000000000098e+00 6.899999999999999883e-03 1.773699999999999832e+00 0.000000000000000000e+00
-3.823900000000000077e+00 6.899999999999999883e-03 1.735399999999999832e+00 0.000000000000000000e+00
-3.799900000000000055e+00 6.899999999999999883e-03 1.679799999999999960e+00 0.000000000000000000e+00
-3.775900000000000034e+00 7.199999999999999803e-03 1.641399999999999970e+00 0.000000000000000000e+00
-3.751900000000000013e+00 7.400000000000000328e-03 1.832700000000000218e+00 0.000000000000000000e+00
-3.727899999999999991e+00 7.499999999999999722e-03 1.742299999999999960e+00 0.000000000000000000e+00
-3.703899999999999970e+00 7.799999999999999642e-03 1.766100000000000003e+00 0.000000000000000000e+00
-3.679899999999999949e+00 8.099999999999999561e-03 1.792599999999999971e+00 0.000000000000000000e+00
-3.655899999999999928e+00 8.199999999999998956e-03 1.821700000000000097e+00 0.000000000000000000e+00
-3.631899999999999906e+00 9.000000000000001055e-03 2.249600000000000044e+00 0.000000000000000000e+00
-3.607899999999999885e+00 1.379999999999999977e-02 2.689700000000000202e+00 0.000000000000000000e+00
-3.583899999999999864e+00 1.080000000000000057e-02 2.249899999999999789e+00 0.000000000000000000e+00
-3.559899999999999842e+00 1.080000000000000057e-02 2.285700000000000287e+00 0.000000000000000000e+00
-3.535899999999999821e+00 1.140000000000000041e-02 2.540300000000000225e+00 0.000000000000000000e+00
-3.511899999999999800e+00 1.050000000000000065e-02 2.237599999999999589e+00 0.000000000000000000e+00
-3.487899999999999778e+00 1.050000000000000065e-02 2.282399999999999984e+00 0.000000000000000000e+00
-3.463899999999999757e+00 1.050000000000000065e-02 2.329499999999999904e+00 0.000000000000000000e+00
-3.439899999999999736e+00 1.050000000000000065e-02 2.378899999999999793e+00 0.000000000000000000e+00
-3.415899999999999714e+00 1.099999999999999936e-02 2.925399999999999778e+00 0.000000000000000000e+00
-3.391899999999999693e+00 1.070000000000000118e-02 2.376900000000000013e+00 0.000000000000000000e+00
-3.367899999999999672e+00 1.080000000000000057e-02 2.419200000000000017e+00 0.000000000000000000e+00
-3.343900000000000095e+00 1.110000000000000049e-02 2.418099999999999916e+00 0.000000000000000000e+00
-3.319900000000000073e+00 1.129999999999999928e-02 2.471000000000000085e+00 0.000000000000000000e+00
-3.295900000000000052e+00 1.169999999999999860e-02 2.536999999999999922e+00 0.000000000000000000e+00
-3.271900000000000031e+00 1.200000000000000025e-02 2.609900000000000109e+00 0.000000000000000000e+00
-3.247900000000000009e+00 1.110000000000000049e-02 2.599199999999999733e+00 0.000000000000000000e+00
-3.223899999999999988e+00 1.080000000000000057e-02 2.646100000000000119e+00 0.000000000000000000e+00
-3.199899999999999967e+00 1.070000000000000118e-02 2.691900000000000404e+00 0.000000000000000000e+00
-3.175899999999999945e+00 1.050000000000000065e-02 2.733299999999999841e+00 0.000000000000000000e+00
-3.151899999999999924e+00 1.019999999999999900e-02 2.770900000000000141e+00 0.000000000000000000e+00
-3.127899999999999903e+00 1.019999999999999900e-02 2.866099999999999870e+00 0.000000000000000000e+00
-3.103899999999999881e+00 1.070000000000000118e-02 3.033500000000000085e+00 0.000000000000000000e+00
-3.079899999999999860e+00 9.899999999999999079e-03 3.381199999999999761e+00 0.000000000000000000e+00
-3.055899999999999839e+00 9.299999999999999239e-03 3.340300000000000047e+00 0.000000000000000000e+00
-3.031899999999999817e+00 8.899999999999999925e-03 3.375700000000000145e+00 0.000000000000000000e+00
-3.007899999999999796e+00 8.899999999999999925e-03 3.558300000000000018e+00 0.000000000000000000e+00
-2.983899999999999775e+00 9.000000000000001055e-03 3.817099999999999937e+00 0.000000000000000000e+00
-2.959899999999999753e+00 8.899999999999999925e-03 4.318599999999999994e+00 0.000000000000000000e+00
-2.935899999999999732e+00 7.900000000000000772e-03 4.493399999999999395e+00 0.000000000000000000e+00
-2.911899999999999711e+00 7.499999999999999722e-03 4.828600000000000669e+00 0.000000000000000000e+00
-2.887900000000000134e+00 7.099999999999998673e-03 4.974600000000000577e+00 0.000000000000000000e+00
-2.863900000000000112e+00 6.599999999999999964e-03 5.078999999999999737e+00 0.000000000000000000e+00
-2.839900000000000091e+00 6.000000000000000125e-03 6.277399999999999203e+00 0.000000000000000000e+00
-2.815900000000000070e+00 6.399999999999999439e-03 2.656899999999999817e+00 0.000000000000000000e+00
-2.791900000000000048e+00 6.599999999999999964e-03 2.055799999999999628e+00 0.000000000000000000e+00
-2.767900000000000027e+00 6.599999999999999964e-03 1.885800000000000143e+00 0.000000000000000000e+00
-2.743900000000000006e+00 6.899999999999999883e-03 1.887399999999999967e+00 0.000000000000000000e+00
-2.719899999999999984e+00 6.899999999999999883e-03 1.887399999999999967e+00 0.000000000000000000e+00
-2.695899999999999963e+00 7.199999999999999803e-03 1.818200000000000038e+00 0.000000000000000000e+00
-2.671899999999999942e+00 7.199999999999999803e-03 1.787799999999999834e+00 0.000000000000000000e+00
-2.647899999999999920e+00 7.199999999999999803e-03 1.759900000000000020e+00 0.000000000000000000e+00
-2.623899999999999899e+00 7.199999999999999803e-03 1.732299999999999729e+00 0.000000000000000000e+00
-2.599899999999999878e+00 7.199999999999999803e-03 1.691399999999999793e+00 0.000000000000000000e+00
-2.575899999999999856e+00 6.999999999999999278e-03 1.622499999999999831e+00 0.000000000000000000e+00
-2.551899999999999835e+00 6.300000000000000044e-03 1.496299999999999963e+00 0.000000000000000000e+00
-2.527899999999999814e+00 6.000000000000000125e-03 1.438099999999999934e+00 0.000000000000000000e+00
-2.503899999999999793e+00 6.000000000000000125e-03 1.401899999999999924e+00 0.000000000000000000e+00
-2.479899999999999771e+00 5.700000000000000205e-03 1.370999999999999996e+00 0.000000000000000000e+00
-2.455899999999999750e+00 5.700000000000000205e-03 1.339099999999999957e+00 0.000000000000000000e+00
-2.431899999999999729e+00 5.400000000000000286e-03 1.306300000000000017e+00 0.000000000000000000e+00
-2.407899999999999707e+00 5.400000000000000286e-03 1.272899999999999920e+00 0.000000000000000000e+00
-2.383899999999999686e+00 5.099999999999999499e-03 1.238500000000000156e+00 0.000000000000000000e+00
-2.359899999999999665e+00 5.099999999999999499e-03 1.203500000000000014e+00 0.000000000000000000e+00
-2.335899999999999643e+00 4.800000000000000447e-03 1.167300000000000004e+00 0.000000000000000000e+00
-2.311900000000000066e+00 4.800000000000000447e-03 1.275300000000000100e+00 0.000000000000000000e+00
-2.287900000000000045e+00 4.800000000000000447e-03 1.227300000000000058e+00 0.000000000000000000e+00
-2.263900000000000023e+00 4.800000000000000447e-03 1.171399999999999997e+00 0.000000000000000000e+00
-2.239900000000000002e+00 5.099999999999999499e-03 1.112100000000000088e+00 0.000000000000000000e+00
-2.215899999999999981e+00 5.099999999999999499e-03 1.076100000000000056e+00 0.000000000000000000e+00
-2.191899999999999959e+00 5.400000000000000286e-03 1.094700000000000006e+00 0.000000000000000000e+00
-2.167899999999999938e+00 5.799999999999999600e-03 1.120300000000000074e+00 0.000000000000000000e+00
-2.143899999999999917e+00 6.599999999999999964e-03 1.186099999999999932e+00 0.000000000000000000e+00
-2.119899999999999896e+00 8.399999999999999481e-03 1.321699999999999875e+00 0.000000000000000000e+00
-2.095899999999999874e+00 9.600000000000000894e-03 1.399399999999999977e+00 0.000000000000000000e+00
-2.071899999999999853e+00 1.080000000000000057e-02 1.479500000000000037e+00 0.000000000000000000e+00
-2.047899999999999832e+00 1.209999999999999964e-02 1.562500000000000000e+00 0.000000000000000000e+00
-2.023899999999999810e+00 1.349999999999999811e-02 1.648099999999999898e+00 0.000000000000000000e+00
-1.999900000000000011e+00 1.479999999999999892e-02 1.736599999999999921e+00 0.000000000000000000e+00
-1.975899999999999990e+00 1.590000000000000094e-02 1.798000000000000043e+00 0.000000000000000000e+00
-1.951899999999999968e+00 1.679999999999999896e-02 1.832400000000000029e+00 0.000000000000000000e+00
-1.927899999999999947e+00 1.739999999999999880e-02 1.867599999999999927e+00 0.000000000000000000e+00
-1.903899999999999926e+00 1.800000000000000211e-02 1.903999999999999915e+00 0.000000000000000000e+00
-1.879899999999999904e+00 1.859999999999999848e-02 1.937500000000000000e+00 0.000000000000000000e+00
-1.855899999999999883e+00 1.949999999999999997e-02 1.968500000000000139e+00 0.000000000000000000e+00
-1.831899999999999862e+00 2.009999999999999981e-02 1.999700000000000033e+00 0.000000000000000000e+00
-1.807899999999999840e+00 2.100000000000000130e-02 2.031299999999999883e+00 0.000000000000000000e+00
-1.783899999999999819e+00 2.160000000000000114e-02 2.065500000000000114e+00 0.000000000000000000e+00
-1.759900000000000020e+00 2.249999999999999917e-02 2.106500000000000039e+00 0.000000000000000000e+00
-1.735899999999999999e+00 2.220000000000000098e-02 2.021700000000000053e+00 0.000000000000000000e+00
-1.711899999999999977e+00 2.429999999999999868e-02 2.070400000000000240e+00 0.000000000000000000e+00
-1.687899999999999956e+00 1.849999999999999908e-02 1.632800000000000029e+00 0.000000000000000000e+00
-1.663899999999999935e+00 1.250000000000000069e-02 1.177599999999999980e+00 0.000000000000000000e+00
-1.639899999999999913e+00 8.399999999999999481e-03 8.471000000000000751e-01 0.000000000000000000e+00
-1.615899999999999892e+00 6.599999999999999964e-03 7.039999999999999591e-01 0.000000000000000000e+00
-1.591899999999999871e+00 6.000000000000000125e-03 6.811000000000000387e-01 0.000000000000000000e+00
-1.567899999999999849e+00 6.599999999999999964e-03 7.564999999999999503e-01 0.000000000000000000e+00
-1.543899999999999828e+00 6.899999999999999883e-03 8.060000000000000497e-01 0.000000000000000000e+00
-1.519899999999999807e+00 7.199999999999999803e-03 8.698000000000001286e-01 0.000000000000000000e+00
-1.495900000000000007e+00 8.699999999999999400e-03 1.031600000000000072e+00 0.000000000000000000e+00
-1.471899999999999986e+00 9.600000000000000894e-03 1.165200000000000014e+00 0.000000000000000000e+00
-1.447899999999999965e+00 1.110000000000000049e-02 1.330400000000000027e+00 0.000000000000000000e+00
-1.423899999999999944e+00 1.260000000000000009e-02 1.517300000000000093e+00 0.000000000000000000e+00
-1.399899999999999922e+00 1.439999999999999961e-02 1.715300000000000047e+00 0.000000000000000000e+00
-1.375899999999999901e+00 1.590000000000000094e-02 1.924099999999999699e+00 0.000000000000000000e+00
-1.351899999999999880e+00 1.770000000000000046e-02 2.144600000000000062e+00 0.000000000000000000e+00
-1.327899999999999858e+00 1.920000000000000179e-02 2.379199999999999982e+00 0.000000000000000000e+00
-1.303899999999999837e+00 2.100000000000000130e-02 2.630000000000000338e+00 0.000000000000000000e+00
-1.279899999999999816e+00 2.269999999999999796e-02 2.936700000000000088e+00 0.000000000000000000e+00
-1.255900000000000016e+00 2.469999999999999973e-02 3.286200000000000010e+00 0.000000000000000000e+00
-1.231899999999999995e+00 2.869999999999999635e-02 3.848099999999999632e+00 0.000000000000000000e+00
-1.207899999999999974e+00 3.330000000000000321e-02 4.499900000000000233e+00 0.000000000000000000e+00
-1.183899999999999952e+00 3.869999999999999829e-02 5.240800000000000125e+00 0.000000000000000000e+00
-1.159899999999999931e+00 2.829999999999999877e-02 4.018800000000000594e+00 0.000000000000000000e+00
-1.135899999999999910e+00 2.679999999999999744e-02 3.889000000000000234e+00 0.000000000000000000e+00
-1.111899999999999888e+00 2.899999999999999800e-02 4.160499999999999865e+00 0.000000000000000000e+00
-1.087899999999999867e+00 3.520000000000000212e-02 5.030299999999999550e+00 0.000000000000000000e+00
-1.063899999999999846e+00 4.309999999999999942e-02 6.506500000000000838e+00 0.000000000000000000e+00
-1.039899999999999824e+00 3.359999999999999792e-02 4.915499999999999758e+00 0.000000000000000000e+00
-1.015899999999999803e+00 2.960000000000000131e-02 4.357800000000000118e+00 0.000000000000000000e+00
-9.918999999999997819e-01 2.750000000000000014e-02 4.097199999999999953e+00 0.000000000000000000e+00
-9.678999999999997605e-01 2.580000000000000002e-02 4.056799999999999962e+00 0.000000000000000000e+00
-9.438999999999997392e-01 2.419999999999999929e-02 4.106200000000000294e+00 0.000000000000000000e+00
-9.198999999999997179e-01 2.160000000000000114e-02 3.969199999999999839e+00 0.000000000000000000e+00
-8.958999999999996966e-01 2.039999999999999800e-02 3.969899999999999540e+00 0.000000000000000000e+00
-8.719000000000001194e-01 1.979999999999999816e-02 4.089100000000000179e+00 0.000000000000000000e+00
-8.479000000000000981e-01 1.920000000000000179e-02 4.147799999999999265e+00 0.000000000000000000e+00
-8.239000000000000767e-01 1.830000000000000029e-02 4.142299999999999649e+00 0.000000000000000000e+00
-7.999000000000000554e-01 1.710000000000000062e-02 4.056499999999999773e+00 0.000000000000000000e+00
-7.759000000000000341e-01 1.590000000000000094e-02 3.862399999999999611e+00 0.000000000000000000e+00
-7.519000000000000128e-01 1.469999999999999953e-02 3.670199999999999463e+00 0.000000000000000000e+00
-7.278999999999999915e-01 1.370000000000000037e-02 3.501500000000000057e+00 0.000000000000000000e+00
-7.038999999999999702e-01 1.280000000000000061e-02 3.327399999999999913e+00 0.000000000000000000e+00
-6.798999999999999488e-01 1.190000000000000085e-02 3.137500000000000178e+00 0.000000000000000000e+00
-6.558999999999999275e-01 1.110000000000000049e-02 2.970399999999999707e+00 0.000000000000000000e+00
-6.318999999999999062e-01 1.030000000000000013e-02 2.816500000000000004e+00 0.000000000000000000e+00
-6.078999999999998849e-01 9.499999999999999764e-03 2.670399999999999885e+00 0.000000000000000000e+00
-5.838999999999998636e-01 8.899999999999999925e-03 2.541700000000000070e+00 0.000000000000000000e+00
-5.598999999999998423e-01 8.399999999999999481e-03 2.353400000000000158e+00 0.000000000000000000e+00
-5.358999999999998209e-01 7.799999999999999642e-03 2.340700000000000003e+00 0.000000000000000000e+00
-5.118999999999997996e-01 7.499999999999999722e-03 2.330700000000000216e+00 0.000000000000000000e+00
-4.878999999999997783e-01 6.599999999999999964e-03 2.296300000000000452e+00 0.000000000000000000e+00
-4.638999999999997570e-01 5.099999999999999499e-03 2.178499999999999659e+00 0.000000000000000000e+00
-4.398999999999997357e-01 4.800000000000000447e-03 2.192400000000000126e+00 0.000000000000000000e+00
-4.158999999999997144e-01 4.199999999999999740e-03 2.238299999999999734e+00 0.000000000000000000e+00
-3.918999999999996930e-01 3.599999999999999901e-03 2.079699999999999882e+00 0.000000000000000000e+00
-3.679000000000001158e-01 3.299999999999999982e-03 1.934800000000000075e+00 0.000000000000000000e+00
-3.439000000000000945e-01 2.799999999999999972e-03 1.803899999999999837e+00 0.000000000000000000e+00
-3.199000000000000732e-01 2.400000000000000223e-03 1.686300000000000132e+00 0.000000000000000000e+00
-2.959000000000000519e-01 2.400000000000000223e-03 1.630500000000000060e+00 0.000000000000000000e+00
-2.719000000000000306e-01 2.099999999999999870e-03 1.582200000000000051e+00 0.000000000000000000e+00
-2.479000000000000092e-01 1.799999999999999951e-03 1.532399999999999762e+00 0.000000000000000000e+00
-2.238999999999999879e-01 1.699999999999999688e-03 1.480500000000000149e+00 0.000000000000000000e+00
-1.998999999999999666e-01 1.500000000000000031e-03 1.426800000000000068e+00 0.000000000000000000e+00
-1.758999999999999453e-01 1.200000000000000112e-03 1.371900000000000119e+00 0.000000000000000000e+00
-1.518999999999999240e-01 1.200000000000000112e-03 1.314699999999999980e+00 0.000000000000000000e+00
-1.278999999999999027e-01 8.999999999999999754e-04 1.256199999999999983e+00 0.000000000000000000e+00
-1.038999999999998813e-01 8.999999999999999754e-04 1.195599999999999774e+00 0.000000000000000000e+00
-7.989999999999986002e-02 1.500000000000000031e-03 2.823099999999999721e+00 0.000000000000000000e+00
-5.589999999999983871e-02 3.000000000000000279e-04 1.127199999999999980e+00 0.000000000000000000e+00
-3.189999999999981739e-02 0.000000000000000000e+00 9.123000000000001108e-01 0.000000000000000000e+00
-7.899999999999796074e-03 0.000000000000000000e+00 5.907000000000000028e-01 0.000000000000000000e+00
1.610000000000022524e-02 0.000000000000000000e+00 1.854000000000000092e-01 0.000000000000000000e+00
4.010000000000024656e-02 0.000000000000000000e+00 0.000000000000000000e+00 0.000000000000000000e+00
6.410000000000026787e-02 0.000000000000000000e+00 0.000000000000000000e+00 0.000000000000000000e+00
8.810000000000028919e-02 0.000000000000000000e+00 0.000000000000000000e+00 0.000000000000000000e+00
1.120999999999998664e-01 0.000000000000000000e+00 0.000000000000000000e+00 0.000000000000000000e+00
1.360999999999998877e-01 0.000000000000000000e+00 0.000000000000000000e+00 0.000000000000000000e+00
1.600999999999999091e-01 0.000000000000000000e+00 0.000000000000000000e+00 0.000000000000000000e+00
1.840999999999999304e-01 0.000000000000000000e+00 0.000000000000000000e+00 0.000000000000000000e+00
2.080999999999999517e-01 0.000000000000000000e+00 0.000000000000000000e+00 0.000000000000000000e+00
2.320999999999999730e-01 0.000000000000000000e+00 0.000000000000000000e+00 0.000000000000000000e+00
2.560999999999999943e-01 0.000000000000000000e+00 0.000000000000000000e+00 0.000000000000000000e+00
2.801000000000000156e-01 0.000000000000000000e+00 0.000000000000000000e+00 0.000000000000000000e+00
3.041000000000000369e-01 0.000000000000000000e+00 0.000000000000000000e+00 0.000000000000000000e+00
3.281000000000000583e-01 0.000000000000000000e+00 0.000000000000000000e+00 0.000000000000000000e+00
3.521000000000000796e-01 0.000000000000000000e+00 0.000000000000000000e+00 0.000000000000000000e+00
3.761000000000001009e-01 0.000000000000000000e+00 0.000000000000000000e+00 0.000000000000000000e+00
4.001000000000001222e-01 0.000000000000000000e+00 0.000000000000000000e+00 0.000000000000000000e+00
4.241000000000001435e-01 0.000000000000000000e+00 0.000000000000000000e+00 0.000000000000000000e+00
4.481000000000001648e-01 0.000000000000000000e+00 0.000000000000000000e+00 0.000000000000000000e+00
4.721000000000001862e-01 0.000000000000000000e+00 0.000000000000000000e+00 0.000000000000000000e+00
4.961000000000002075e-01 0.000000000000000000e+00 0.000000000000000000e+00 0.000000000000000000e+00
5.201000000000002288e-01 0.000000000000000000e+00 0.000000000000000000e+00 0.000000000000000000e+00
5.441000000000002501e-01 0.000000000000000000e+00 0.000000000000000000e+00 0.000000000000000000e+00
5.681000000000002714e-01 0.000000000000000000e+00 0.000000000000000000e+00 0.000000000000000000e+00
5.921000000000002927e-01 0.000000000000000000e+00 0.000000000000000000e+00 0.000000000000000000e+00
6.160999999999998700e-01 0.000000000000000000e+00 0.000000000000000000e+00 0.000000000000000000e+00
6.400999999999998913e-01 0.000000000000000000e+00 0.000000000000000000e+00 0.000000000000000000e+00
6.640999999999999126e-01 0.000000000000000000e+00 0.000000000000000000e+00 0.000000000000000000e+00
6.880999999999999339e-01 0.000000000000000000e+00 0.000000000000000000e+00 0.000000000000000000e+00
7.120999999999999552e-01 0.000000000000000000e+00 0.000000000000000000e+00 0.000000000000000000e+00
7.360999999999999766e-01 0.000000000000000000e+00 0.000000000000000000e+00 0.000000000000000000e+00
7.600999999999999979e-01 0.000000000000000000e+00 0.000000000000000000e+00 0.000000000000000000e+00
7.841000000000000192e-01 0.000000000000000000e+00 0.000000000000000000e+00 0.000000000000000000e+00
8.081000000000000405e-01 0.000000000000000000e+00 0.000000000000000000e+00 0.000000000000000000e+00
8.321000000000000618e-01 0.000000000000000000e+00 0.000000000000000000e+00 0.000000000000000000e+00
8.561000000000000831e-01 0.000000000000000000e+00 0.000000000000000000e+00 0.000000000000000000e+00
8.801000000000001044e-01 0.000000000000000000e+00 0.000000000000000000e+00 0.000000000000000000e+00
9.041000000000001258e-01 0.000000000000000000e+00 0.000000000000000000e+00 0.000000000000000000e+00
9.281000000000001471e-01 0.000000000000000000e+00 0.000000000000000000e+00 0.000000000000000000e+00
9.521000000000001684e-01 0.000000000000000000e+00 0.000000000000000000e+00 0.000000000000000000e+00
9.761000000000001897e-01 0.000000000000000000e+00 0.000000000000000000e+00 0.000000000000000000e+00
1.000099999999999767e+00 0.000000000000000000e+00 0.000000000000000000e+00 0.000000000000000000e+00
1.024099999999999788e+00 0.000000000000000000e+00 0.000000000000000000e+00 0.000000000000000000e+00
1.048099999999999810e+00 0.000000000000000000e+00 0.000000000000000000e+00 0.000000000000000000e+00
1.072099999999999831e+00 0.000000000000000000e+00 0.000000000000000000e+00 0.000000000000000000e+00
1.096099999999999852e+00 0.000000000000000000e+00 0.000000000000000000e+00 0.000000000000000000e+00
1.120099999999999874e+00 0.000000000000000000e+00 0.000000000000000000e+00 0.000000000000000000e+00
1.144099999999999895e+00 0.000000000000000000e+00 0.000000000000000000e+00 0.000000000000000000e+00
1.168099999999999916e+00 0.000000000000000000e+00 0.000000000000000000e+00 0.000000000000000000e+00
1.192099999999999937e+00 0.000000000000000000e+00 0.000000000000000000e+00 0.000000000000000000e+00
1.216099999999999959e+00 0.000000000000000000e+00 0.000000000000000000e+00 0.000000000000000000e+00
1.240099999999999980e+00 0.000000000000000000e+00 0.000000000000000000e+00 0.000000000000000000e+00
1.264100000000000001e+00 0.000000000000000000e+00 0.000000000000000000e+00 0.000000000000000000e+00
1.288100000000000023e+00 0.000000000000000000e+00 0.000000000000000000e+00 0.000000000000000000e+00
1.312100000000000044e+00 0.000000000000000000e+00 0.000000000000000000e+00 0.000000000000000000e+00
1.336100000000000065e+00 0.000000000000000000e+00 0.000000000000000000e+00 0.000000000000000000e+00
1.360100000000000087e+00 0.000000000000000000e+00 0.000000000000000000e+00 0.000000000000000000e+00
1.384100000000000108e+00 0.000000000000000000e+00 0.000000000000000000e+00 0.000000000000000000e+00
1.408100000000000129e+00 0.000000000000000000e+00 0.000000000000000000e+00 0.000000000000000000e+00
1.432100000000000151e+00 0.000000000000000000e+00 0.000000000000000000e+00 0.000000000000000000e+00
1.456100000000000172e+00 0.000000000000000000e+00 0.000000000000000000e+00 0.000000000000000000e+00
1.480100000000000193e+00 0.000000000000000000e+00 0.000000000000000000e+00 0.000000000000000000e+00
1.504100000000000215e+00 0.000000000000000000e+00 0.000000000000000000e+00 0.000000000000000000e+00
1.528100000000000236e+00 0.000000000000000000e+00 0.000000000000000000e+00 0.000000000000000000e+00
1.552100000000000257e+00 0.000000000000000000e+00 0.000000000000000000e+00 0.000000000000000000e+00
1.576100000000000279e+00 0.000000000000000000e+00 0.000000000000000000e+00 0.000000000000000000e+00
1.600100000000000300e+00 0.000000000000000000e+00 0.000000000000000000e+00 0.000000000000000000e+00
1.624100000000000321e+00 0.000000000000000000e+00 0.000000000000000000e+00 0.000000000000000000e+00
1.648100000000000342e+00 0.000000000000000000e+00 0.000000000000000000e+00 0.000000000000000000e+00
1.672100000000000364e+00 0.000000000000000000e+00 0.000000000000000000e+00 0.000000000000000000e+00
1.696100000000000385e+00 0.000000000000000000e+00 0.000000000000000000e+00 0.000000000000000000e+00
1.720100000000000406e+00 0.000000000000000000e+00 0.000000000000000000e+00 0.000000000000000000e+00
1.744100000000000428e+00 0.000000000000000000e+00 0.000000000000000000e+00 0.000000000000000000e+00
1.768100000000000449e+00 0.000000000000000000e+00 0.000000000000000000e+00 0.000000000000000000e+00
1.792100000000000470e+00 0.000000000000000000e+00 0.000000000000000000e+00 0.000000000000000000e+00
1.816100000000000492e+00 0.000000000000000000e+00 0.000000000000000000e+00 0.000000000000000000e+00
1.840100000000000513e+00 0.000000000000000000e+00 0.000000000000000000e+00 0.000000000000000000e+00
1.864099999999999646e+00 0.000000000000000000e+00 0.000000000000000000e+00 0.000000000000000000e+00
1.888099999999999667e+00 0.000000000000000000e+00 0.000000000000000000e+00 0.000000000000000000e+00
1.912099999999999689e+00 0.000000000000000000e+00 0.000000000000000000e+00 0.000000000000000000e+00
1.936099999999999710e+00 0.000000000000000000e+00 0.000000000000000000e+00 0.000000000000000000e+00
1.960099999999999731e+00 0.000000000000000000e+00 0.000000000000000000e+00 0.000000000000000000e+00
1.984099999999999753e+00 0.000000000000000000e+00 0.000000000000000000e+00 0.000000000000000000e+00
2.008099999999999774e+00 0.000000000000000000e+00 0.000000000000000000e+00 0.000000000000000000e+00
2.032099999999999795e+00 0.000000000000000000e+00 0.000000000000000000e+00 0.000000000000000000e+00
2.056099999999999817e+00 0.000000000000000000e+00 0.000000000000000000e+00 0.000000000000000000e+00
2.080099999999999838e+00 0.000000000000000000e+00 0.000000000000000000e+00 0.000000000000000000e+00
2.104099999999999859e+00 0.000000000000000000e+00 0.000000000000000000e+00 0.000000000000000000e+00
2.128099999999999881e+00 0.000000000000000000e+00 0.000000000000000000e+00 0.000000000000000000e+00
2.152099999999999902e+00 0.000000000000000000e+00 0.000000000000000000e+00 0.000000000000000000e+00
2.176099999999999923e+00 0.000000000000000000e+00 0.000000000000000000e+00 0.000000000000000000e+00
2.200099999999999945e+00 0.000000000000000000e+00 0.000000000000000000e+00 0.000000000000000000e+00
2.224099999999999966e+00 0.000000000000000000e+00 0.000000000000000000e+00 0.000000000000000000e+00
2.248099999999999987e+00 0.000000000000000000e+00 0.000000000000000000e+00 0.000000000000000000e+00
2.272100000000000009e+00 0.000000000000000000e+00 0.000000000000000000e+00 0.000000000000000000e+00
2.296100000000000030e+00 0.000000000000000000e+00 0.000000000000000000e+00 0.000000000000000000e+00
2.320100000000000051e+00 0.000000000000000000e+00 9.000000000000000838e-04 0.000000000000000000e+00
2.344100000000000072e+00 0.000000000000000000e+00 1.500000000000000031e-03 0.000000000000000000e+00
2.368100000000000094e+00 0.000000000000000000e+00 2.399999999999999790e-03 0.000000000000000000e+00
2.392100000000000115e+00 0.000000000000000000e+00 3.600000000000000335e-03 0.000000000000000000e+00
2.416100000000000136e+00 0.000000000000000000e+00 5.100000000000000366e-03 0.000000000000000000e+00
2.440100000000000158e+00 0.000000000000000000e+00 7.000000000000000146e-03 0.000000000000000000e+00
2.464100000000000179e+00 0.000000000000000000e+00 9.599999999999999159e-03 0.000000000000000000e+00
2.488100000000000200e+00 0.000000000000000000e+00 1.239999999999999783e-02 0.000000000000000000e+00
2.512100000000000222e+00 0.000000000000000000e+00 1.530000000000000110e-02 0.000000000000000000e+00
2.536100000000000243e+00 0.000000000000000000e+00 1.849999999999999908e-02 0.000000000000000000e+00
2.560100000000000264e+00 0.000000000000000000e+00 2.179999999999999993e-02 0.000000000000000000e+00
2.584100000000000286e+00 0.000000000000000000e+00 2.510000000000000425e-02 0.000000000000000000e+00
2.608100000000000307e+00 3.000000000000000279e-04 2.880000000000000268e-02 0.000000000000000000e+00
2.632100000000000328e+00 3.000000000000000279e-04 3.239999999999999825e-02 0.000000000000000000e+00
2.656100000000000350e+00 3.000000000000000279e-04 3.610000000000000014e-02 0.000000000000000000e+00
2.680100000000000371e+00 3.000000000000000279e-04 4.000000000000000083e-02 0.000000000000000000e+00
2.704100000000000392e+00 3.000000000000000279e-04 4.519999999999999712e-02 0.000000000000000000e+00
2.728100000000000414e+00 3.000000000000000279e-04 5.960000000000000020e-02 0.000000000000000000e+00
2.752100000000000435e+00 3.000000000000000279e-04 7.739999999999999658e-02 0.000000000000000000e+00
2.776100000000000456e+00 5.000000000000000104e-04 8.260000000000000675e-02 0.000000000000000000e+00
2.800100000000000477e+00 6.000000000000000559e-04 8.429999999999999993e-02 0.000000000000000000e+00
2.824100000000000499e+00 6.000000000000000559e-04 9.360000000000000264e-02 0.000000000000000000e+00
2.848100000000000520e+00 6.000000000000000559e-04 9.750000000000000333e-02 0.000000000000000000e+00
2.872099999999999653e+00 6.000000000000000559e-04 9.999999999999999167e-02 0.000000000000000000e+00
2.896099999999999675e+00 7.999999999999999299e-04 1.023999999999999910e-01 0.000000000000000000e+00
2.920099999999999696e+00 8.999999999999999754e-04 1.050000000000000100e-01 0.000000000000000000e+00
2.944099999999999717e+00 8.999999999999999754e-04 1.077000000000000041e-01 0.000000000000000000e+00
2.968099999999999739e+00 8.999999999999999754e-04 1.103999999999999981e-01 0.000000000000000000e+00
2.992099999999999760e+00 8.999999999999999754e-04 1.103000000000000091e-01 0.000000000000000000e+00
3.016099999999999781e+00 8.999999999999999754e-04 1.111999999999999933e-01 0.000000000000000000e+00
3.040099999999999802e+00 8.999999999999999754e-04 1.130000000000000171e-01 0.000000000000000000e+00
3.064099999999999824e+00 8.999999999999999754e-04 1.152999999999999858e-01 0.000000000000000000e+00
3.088099999999999845e+00 8.999999999999999754e-04 1.188999999999999918e-01 0.000000000000000000e+00
3.112099999999999866e+00 8.999999999999999754e-04 1.227999999999999925e-01 0.000000000000000000e+00
3.136099999999999888e+00 1.200000000000000112e-03 1.272999999999999965e-01 0.000000000000000000e+00
3.160099999999999909e+00 1.200000000000000112e-03 1.316999999999999837e-01 0.000000000000000000e+00
3.184099999999999930e+00 1.200000000000000112e-03 1.358999999999999930e-01 0.000000000000000000e+00
3.208099999999999952e+00 1.200000000000000112e-03 1.401999999999999913e-01 0.000000000000000000e+00
3.232099999999999973e+00 1.200000000000000112e-03 1.445000000000000173e-01 0.000000000000000000e+00
3.256099999999999994e+00 1.500000000000000031e-03 1.489999999999999936e-01 0.000000000000000000e+00
3.280100000000000016e+00 1.500000000000000031e-03 1.532999999999999918e-01 0.000000000000000000e+00
3.304100000000000037e+00 1.500000000000000031e-03 1.577999999999999958e-01 0.000000000000000000e+00
3.328100000000000058e+00 1.500000000000000031e-03 1.622999999999999998e-01 0.000000000000000000e+00
3.352100000000000080e+00 1.500000000000000031e-03 1.672999999999999765e-01 0.000000000000000000e+00
3.376100000000000101e+00 1.799999999999999951e-03 1.718999999999999972e-01 0.000000000000000000e+00
3.400100000000000122e+00 1.799999999999999951e-03 1.764000000000000012e-01 0.000000000000000000e+00
3.424100000000000144e+00 1.799999999999999951e-03 1.811999999999999722e-01 0.000000000000000000e+00
3.448100000000000165e+00 1.799999999999999951e-03 1.859000000000000097e-01 0.000000000000000000e+00
3.472100000000000186e+00 1.799999999999999951e-03 1.905000000000000027e-01 0.000000000000000000e+00
3.496100000000000207e+00 2.099999999999999870e-03 1.960000000000000075e-01 0.000000000000000000e+00
3.520100000000000229e+00 2.099999999999999870e-03 2.063999999999999724e-01 0.000000000000000000e+00
3.544100000000000250e+00 2.200000000000000133e-03 2.450999999999999845e-01 0.000000000000000000e+00
3.568100000000000271e+00 2.400000000000000223e-03 2.820000000000000284e-01 0.000000000000000000e+00
3.592100000000000293e+00 2.700000000000000143e-03 3.044000000000000039e-01 0.000000000000000000e+00
3.616100000000000314e+00 3.000000000000000062e-03 3.279000000000000248e-01 0.000000000000000000e+00
3.640100000000000335e+00 3.299999999999999982e-03 3.457000000000000073e-01 0.000000000000000000e+00
3.664100000000000357e+00 3.299999999999999982e-03 3.549999999999999822e-01 0.000000000000000000e+00
3.688100000000000378e+00 3.299999999999999982e-03 3.581000000000000294e-01 0.000000000000000000e+00
3.712100000000000399e+00 3.299999999999999982e-03 3.593999999999999972e-01 0.000000000000000000e+00
3.736100000000000421e+00 3.299999999999999982e-03 3.660999999999999810e-01 0.000000000000000000e+00
3.760100000000000442e+00 3.599999999999999901e-03 3.748000000000000220e-01 0.000000000000000000e+00
3.784100000000000463e+00 3.599999999999999901e-03 3.834999999999999520e-01 0.000000000000000000e+00
3.808100000000000485e+00 3.599999999999999901e-03 3.922999999999999821e-01 0.000000000000000000e+00
3.832100000000000506e+00 3.599999999999999901e-03 4.017000000000000015e-01 0.000000000000000000e+00
3.856100000000000527e+00 3.899999999999999821e-03 4.110000000000000320e-01 0.000000000000000000e+00
3.880099999999999660e+00 3.899999999999999821e-03 4.203000000000000069e-01 0.000000000000000000e+00
3.904099999999999682e+00 3.899999999999999821e-03 4.298999999999999488e-01 0.000000000000000000e+00
3.928099999999999703e+00 3.899999999999999821e-03 4.394000000000000128e-01 0.000000000000000000e+00
3.952099999999999724e+00 4.100000000000000346e-03 4.497999999999999776e-01 0.000000000000000000e+00
3.976099999999999746e+00 4.199999999999999740e-03 4.606000000000000094e-01 0.000000000000000000e+00
4.000099999999999767e+00 4.199999999999999740e-03 4.719999999999999751e-01 0.000000000000000000e+00
4.024099999999999788e+00 4.199999999999999740e-03 4.837000000000000188e-01 0.000000000000000000e+00
4.048099999999999810e+00 4.500000000000000527e-03 4.960999999999999854e-01 0.000000000000000000e+00
4.072099999999999831e+00 4.500000000000000527e-03 5.090000000000000080e-01 0.000000000000000000e+00
4.096099999999999852e+00 6.599999999999999964e-03 1.474399999999999933e+00 0.000000000000000000e+00
4.120099999999999874e+00 8.099999999999999561e-03 1.568000000000000060e+00 0.000000000000000000e+00
4.144099999999999895e+00 6.899999999999999883e-03 1.108200000000000074e+00 0.000000000000000000e+00
4.168099999999999916e+00 6.599999999999999964e-03 9.570999999999999508e-01 0.000000000000000000e+00
4.192099999999999937e+00 5.799999999999999600e-03 6.795999999999999819e-01 0.000000000000000000e+00
4.216099999999999959e+00 5.700000000000000205e-03 5.438000000000000611e-01 0.000000000000000000e+00
4.240099999999999980e+00 5.400000000000000286e-03 5.227999999999999314e-01 0.000000000000000000e+00
4.264100000000000001e+00 5.400000000000000286e-03 5.020999999999999908e-01 0.000000000000000000e+00
4.288100000000000023e+00 5.099999999999999499e-03 4.813000000000000611e-01 0.000000000000000000e+00
4.312100000000000044e+00 5.099999999999999499e-03 4.569999999999999618e-01 0.000000000000000000e+00
4.336100000000000065e+00 4.500000000000000527e-03 4.242999999999999550e-01 0.000000000000000000e+00
4.360100000000000087e+00 4.500000000000000527e-03 4.196000000000000840e-01 0.000000000000000000e+00
4.384100000000000108e+00 4.199999999999999740e-03 3.946000000000000618e-01 0.000000000000000000e+00
4.408100000000000129e+00 3.899999999999999821e-03 3.765999999999999903e-01 0.000000000000000000e+00
4.432100000000000151e+00 3.899999999999999821e-03 3.729999999999999982e-01 0.000000000000000000e+00
4.456100000000000172e+00 3.599999999999999901e-03 3.605000000000000426e-01 0.000000000000000000e+00
4.480100000000000193e+00 2.700000000000000143e-03 2.957000000000000184e-01 0.000000000000000000e+00
4.504100000000000215e+00 2.400000000000000223e-03 2.812999999999999945e-01 0.000000000000000000e+00
4.528100000000000236e+00 2.299999999999999961e-03 2.666000000000000036e-01 0.000000000000000000e+00
4.552100000000000257e+00 2.099999999999999870e-03 2.522999999999999687e-01 0.000000000000000000e+00
4.576100000000000279e+00 8.200000000000000691e-03 3.006000000000000338e-01 0.000000000000000000e+00
4.600100000000000300e+00 9.799999999999999684e-03 2.227999999999999980e-01 0.000000000000000000e+00
4.624100000000000321e+00 1.189999999999999912e-02 2.014000000000000234e-01 0.000000000000000000e+00
4.648100000000000342e+00 1.399999999999999856e-02 1.817000000000000004e-01 0.000000000000000000e+00
4.672100000000000364e+00 1.590000000000000094e-02 1.628999999999999893e-01 0.000000000000000000e+00
4.696100000000000385e+00 1.809999999999999803e-02 1.859000000000000097e-01 0.000000000000000000e+00
4.720100000000000406e+00 1.990000000000000102e-02 1.514999999999999958e-01 0.000000000000000000e+00
4.744100000000000428e+00 2.190000000000000280e-02 1.340999999999999970e-01 0.000000000000000000e+00
4.768100000000000449e+00 2.340000000000000066e-02 7.720000000000000473e-02 0.000000000000000000e+00
4.792100000000000470e+00 2.499999999999999792e-02 1.830000000000000029e-02 0.000000000000000000e+00
4.816100000000000492e+00 2.690000000000000030e-02 2.040000000000000147e-02 0.000000000000000000e+00
4.840100000000000513e+00 2.869999999999999982e-02 2.239999999999999977e-02 0.000000000000000000e+00
4.864099999999999646e+00 3.030000000000000054e-02 2.450000000000000094e-02 0.000000000000000000e+00
4.888099999999999667e+00 3.150000000000000022e-02 2.670000000000000151e-02 0.000000000000000000e+00
4.912099999999999689e+00 3.259999999999999704e-02 2.910000000000000087e-02 0.000000000000000000e+00
4.936099999999999710e+00 3.379999999999999671e-02 3.239999999999999825e-02 0.000000000000000000e+00
4.960099999999999731e+00 3.490000000000000047e-02 3.609999999999999321e-02 0.000000000000000000e+00
4.984099999999999753e+00 3.350000000000000200e-02 4.070000000000000007e-02 0.000000000000000000e+00
5.008099999999999774e+00 3.450000000000000289e-02 4.359999999999999987e-02 0.000000000000000000e+00
5.032100000000000684e+00 3.549999999999999684e-02 4.620000000000000495e-02 0.000000000000000000e+00
5.056099999999999817e+00 3.650000000000000466e-02 4.860000000000000431e-02 0.000000000000000000e+00
5.080100000000000726e+00 3.749999999999999861e-02 5.100000000000000366e-02 0.000000000000000000e+00
5.104099999999999859e+00 3.840000000000000357e-02 5.340000000000000302e-02 0.000000000000000000e+00
5.128100000000000769e+00 3.930000000000000160e-02 5.560000000000000359e-02 0.000000000000000000e+00
5.152099999999999902e+00 4.019999999999999962e-02 5.809999999999999887e-02 0.000000000000000000e+00
5.176100000000000811e+00 4.109999999999999765e-02 6.080000000000000682e-02 0.000000000000000000e+00
5.200099999999999945e+00 4.199999999999999567e-02 6.350000000000000089e-02 0.000000000000000000e+00
5.224100000000000854e+00 4.279999999999999777e-02 6.610000000000000597e-02 0.000000000000000000e+00
5.248099999999999987e+00 4.359999999999999987e-02 6.859999999999999432e-02 0.000000000000000000e+00
5.272100000000000897e+00 4.439999999999999503e-02 7.120000000000001328e-02 0.000000000000000000e+00
5.296100000000000030e+00 4.510000000000000120e-02 7.380000000000000449e-02 0.000000000000000000e+00
5.320100000000000939e+00 4.580000000000000043e-02 7.620000000000000384e-02 0.000000000000000000e+00
5.344100000000000072e+00 4.630000000000000088e-02 7.859999999999998932e-02 0.000000000000000000e+00
5.368099999999999206e+00 4.689999999999999725e-02 8.119999999999999440e-02 0.000000000000000000e+00
5.392100000000000115e+00 4.759999999999999648e-02 8.409999999999999420e-02 0.000000000000000000e+00
5.416099999999999248e+00 4.839999999999999858e-02 8.739999999999999158e-02 0.000000000000000000e+00
5.440100000000000158e+00 4.939999999999999947e-02 9.099999999999999756e-02 0.000000000000000000e+00
5.464099999999999291e+00 5.020000000000000157e-02 9.489999999999999825e-02 0.000000000000000000e+00
5.488100000000000200e+00 5.109999999999999265e-02 9.940000000000000224e-02 0.000000000000000000e+00
5.512099999999999334e+00 5.179999999999999882e-02 1.036000000000000115e-01 0.000000000000000000e+00
5.536100000000000243e+00 5.279999999999999971e-02 1.070000000000000118e-01 0.000000000000000000e+00
5.560099999999999376e+00 5.380000000000000060e-02 1.096999999999999920e-01 0.000000000000000000e+00
5.584100000000000286e+00 5.540000000000000480e-02 1.129000000000000004e-01 0.000000000000000000e+00
5.608099999999999419e+00 5.480000000000000149e-02 1.132000000000000089e-01 0.000000000000000000e+00
5.632100000000000328e+00 5.440000000000000391e-02 1.136000000000000065e-01 0.000000000000000000e+00
5.656099999999999461e+00 5.369999999999999774e-02 1.139000000000000012e-01 0.000000000000000000e+00
5.680100000000000371e+00 5.300000000000000544e-02 1.138000000000000123e-01 0.000000000000000000e+00
5.704099999999999504e+00 5.210000000000000048e-02 1.136999999999999955e-01 0.000000000000000000e+00
5.728100000000000414e+00 5.109999999999999265e-02 1.134999999999999898e-01 0.000000000000000000e+00
5.752099999999999547e+00 5.009999999999999870e-02 1.132000000000000089e-01 0.000000000000000000e+00
5.776100000000000456e+00 4.920000000000000068e-02 1.130000000000000032e-01 0.000000000000000000e+00
5.800099999999999589e+00 4.829999999999999571e-02 1.130000000000000171e-01 0.000000000000000000e+00
5.824100000000000499e+00 4.750000000000000056e-02 1.127999999999999975e-01 0.000000000000000000e+00
5.848099999999999632e+00 4.660000000000000253e-02 1.126000000000000056e-01 0.000000000000000000e+00
5.872100000000000541e+00 4.570000000000000451e-02 1.125000000000000167e-01 0.000000000000000000e+00
5.896099999999999675e+00 4.490000000000000241e-02 1.123999999999999999e-01 0.000000000000000000e+00
5.920100000000000584e+00 4.420000000000000318e-02 1.123000000000000109e-01 0.000000000000000000e+00
5.944099999999999717e+00 4.340000000000000108e-02 1.121000000000000052e-01 0.000000000000000000e+00
5.968100000000000627e+00 4.259999999999999898e-02 1.121999999999999942e-01 0.000000000000000000e+00
5.992099999999999760e+00 4.180000000000000382e-02 1.121000000000000052e-01 0.000000000000000000e+00
6.016100000000000669e+00 4.120000000000000051e-02 1.121000000000000052e-01 0.000000000000000000e+00
6.040099999999999802e+00 4.030000000000000249e-02 1.118999999999999995e-01 0.000000000000000000e+00
6.064100000000000712e+00 3.939999999999999752e-02 1.115000000000000158e-01 0.000000000000000000e+00
6.088099999999999845e+00 3.810000000000000192e-02 1.100000000000000006e-01 0.000000000000000000e+00
6.112100000000000755e+00 3.590000000000000135e-02 1.067000000000000171e-01 0.000000000000000000e+00
6.136099999999999888e+00 3.440000000000000002e-02 1.054000000000000076e-01 0.000000000000000000e+00
6.160100000000000797e+00 3.269999999999999990e-02 1.038000000000000034e-01 0.000000000000000000e+00
6.184099999999999930e+00 3.119999999999999857e-02 1.025000000000000078e-01 0.000000000000000000e+00
6.208100000000000840e+00 3.010000000000000175e-02 1.016999999999999987e-01 0.000000000000000000e+00
6.232099999999999973e+00 2.890000000000000208e-02 1.010999999999999954e-01 0.000000000000000000e+00
