# energy s p d
-5.767900000000000027e+00 0.000000000000000000e+00 0.000000000000000000e+00 0.000000000000000000e+00
-5.743900000000000006e+00 0.000000000000000000e+00 0.000000000000000000e+00 0.000000000000000000e+00
-5.719899999999999984e+00 0.000000000000000000e+00 0.000000000000000000e+00 0.000000000000000000e+00
-5.695899999999999963e+00 0.000000000000000000e+00 0.000000000000000000e+00 0.000000000000000000e+00
-5.671899999999999942e+00 0.000000000000000000e+00 0.000000000000000000e+00 0.000000000000000000e+00
-5.647899999999999920e+00 0.000000000000000000e+00 0.000000000000000000e+00 0.000000000000000000e+00
-5.623899999999999899e+00 0.000000000000000000e+00 0.000000000000000000e+00 0.000000000000000000e+00
-5.599899999999999878e+00 0.000000000000000000e+00 0.000000000000000000e+00 0.000000000000000000e+00
-5.575899999999999856e+00 0.000000000000000000e+00 0.000000000000000000e+00 0.000000000000000000e+00
-5.551899999999999835e+00 0.000000000000000000e+00 0.000000000000000000e+00 0.000000000000000000e+00
-5.527899999999999814e+00 0.000000000000000000e+00 0.000000000000000000e+00 0.000000000000000000e+00
-5.503899999999999793e+00 0.000000000000000000e+00 0.000000000000000000e+00 0.000000000000000000e+00
-5.479899999999999771e+00 0.000000000000000000e+00 0.000000000000000000e+00 0.000000000000000000e+00
-5.455899999999999750e+00 0.000000000000000000e+00 0.000000000000000000e+00 0.000000000000000000e+00
-5.431899999999999729e+00 0.000000000000000000e+00 0.000000000000000000e+00 0.000000000000000000e+00
-5.407899999999999707e+00 0.000000000000000000e+00 0.000000000000000000e+00 0.000000000000000000e+00
-5.383900000000000574e+00 0.000000000000000000e+00 0.000000000000000000e+00 0.000000000000000000e+00
-5.359899999999999665e+00 0.000000000000000000e+00 0.000000000000000000e+00 0.000000000000000000e+00
-5.335900000000000531e+00 0.000000000000000000e+00 0.000000000000000000e+00 0.000000000000000000e+00
-5.311899999999999622e+00 0.000000000000000000e+00 0.000000000000000000e+00 0.000000000000000000e+00
-5.287900000000000489e+00 0.000000000000000000e+00 0.000000000000000000e+00 0.000000000000000000e+00
-5.263899999999999579e+00 0.000000000000000000e+00 0.000000000000000000e+00 0.000000000000000000e+00
-5.239900000000000446e+00 0.000000000000000000e+00 0.000000000000000000e+00 0.000000000000000000e+00
-5.215899999999999537e+00 0.000000000000000000e+00 0.000000000000000000e+00 0.000000000000000000e+00
-5.191900000000000404e+00 0.000000000000000000e+00 0.000000000000000000e+00 0.000000000000000000e+00
-5.167899999999999494e+00 0.000000000000000000e+00 0.000000000000000000e+00 0.000000000000000000e+00
-5.143900000000000361e+00 0.000000000000000000e+00 0.000000000000000000e+00 0.000000000000000000e+00
-5.119899999999999451e+00 0.000000000000000000e+00 0.000000000000000000e+00 0.000000000000000000e+00
-5.095900000000000318e+00 0.000000000000000000e+00 0.000000000000000000e+00 0.000000000000000000e+00
-5.071899999999999409e+00 0.000000000000000000e+00 0.000000000000000000e+00 0.000000000000000000e+00
-5.047900000000000276e+00 0.000000000000000000e+00 0.000000000000000000e+00 0.000000000000000000e+00
-5.023899999999999366e+00 0.000000000000000000e+00 0.000000000000000000e+00 0.000000000000000000e+00
-4.999900000000000233e+00 0.000000000000000000e+00 0.000000000000000000e+00 0.000000000000000000e+00
-4.975900000000000212e+00 0.000000000000000000e+00 0.000000000000000000e+00 0.000000000000000000e+00
-4.951900000000000190e+00 0.000000000000000000e+00 0.000000000000000000e+00 0.000000000000000000e+00
-4.927900000000000169e+00 0.000000000000000000e+00 0.000000000000000000e+00 0.000000000000000000e+00
-4.903900000000000148e+00 0.000000000000000000e+00 0.000000000000000000e+00 0.000000000000000000e+00
-4.879900000000000126e+00 0.000000000000000000e+00 0.000000000000000000e+00 0.000000000000000000e+00
-4.855900000000000105e+00 0.000000000000000000e+00 0.000000000000000000e+00 0.000000000000000000e+00
-4.831900000000000084e+00 0.000000000000000000e+00 0.000000000000000000e+00 0.000000000000000000e+00
-4.807900000000000063e+00 0.000000000000000000e+00 0.000000000000000000e+00 0.000000000000000000e+00
-4.783900000000000041e+00 0.000000000000000000e+00 0.000000000000000000e+00 0.000000000000000000e+00
-4.759900000000000020e+00 0.000000000000000000e+00 0.000000000000000000e+00 0.000000000000000000e+00
-4.735899999999999999e+00 0.000000000000000000e+00 0.000000000000000000e+00 0.000000000000000000e+00
-4.711899999999999977e+00 0.000000000000000000e+00 0.000000000000000000e+00 0.000000000000000000e+00
-4.687899999999999956e+00 0.000000000000000000e+00 0.000000000000000000e+00 0.000000000000000000e+00
-4.663899999999999935e+00 0.000000000000000000e+00 0.000000000000000000e+00 0.000000000000000000e+00
-4.639899999999999913e+00 0.000000000000000000e+00 0.000000000000000000e+00 0.000000000000000000e+00
-4.615899999999999892e+00 0.000000000000000000e+00 0.000000000000000000e+00 0.000000000000000000e+00
-4.591899999999999871e+00 0.000000000000000000e+00 0.000000000000000000e+00 0.000000000000000000e+00
-4.567899999999999849e+00 0.000000000000000000e+00 0.000000000000000000e+00 0.000000000000000000e+00
-4.543899999999999828e+00 0.000000000000000000e+00 0.000000000000000000e+00 0.000000000000000000e+00
-4.519899999999999807e+00 0.000000000000000000e+00 0.000000000000000000e+00 0.000000000000000000e+00
-4.495899999999999785e+00 2.179999999999999993e-01 7.599999999999999117e-03 4.279999999999999777e-02
-4.471899999999999764e+00 3.809000000000000163e-01 2.000000000000000042e-02 3.166999999999999815e-01
-4.447899999999999743e+00 7.665999999999999481e-01 4.230000000000000426e-02 6.309000000000000163e-01
-4.423899999999999721e+00 5.451000000000000290e-01 3.869999999999999829e-02 6.189000000000000057e-01
-4.399899999999999700e+00 5.681000000000000494e-01 4.470000000000000362e-02 7.566999999999999282e-01
-4.375899999999999679e+00 5.608999999999999542e-01 4.950000000000000233e-02 8.443000000000000504e-01
-4.351899999999999658e+00 5.434999999999999831e-01 5.400000000000000633e-02 9.226999999999999647e-01
-4.327899999999999636e+00 7.677000000000000490e-01 1.028000000000000025e-01 1.945599999999999774e+00
-4.303899999999999615e+00 5.794000000000000261e-01 8.949999999999999623e-02 1.767500000000000071e+00
-4.279899999999999594e+00 2.215000000000000024e-01 5.369999999999999774e-02 5.701000000000000512e-01
-4.255900000000000460e+00 2.068000000000000116e-01 5.409999999999999531e-02 5.713000000000001410e-01
-4.231899999999999551e+00 1.925999999999999934e-01 5.470000000000000556e-02 5.755000000000000115e-01
-4.207900000000000418e+00 1.791999999999999982e-01 5.509999999999999620e-02 5.826999999999999957e-01
-4.183899999999999508e+00 1.663000000000000034e-01 5.569999999999999257e-02 5.927999999999999936e-01
-4.159900000000000375e+00 1.567000000000000060e-01 1.042000000000000148e-01 3.599699999999999900e+00
-4.135899999999999466e+00 1.459000000000000019e-01 7.489999999999999436e-02 1.501300000000000079e+00
-4.111900000000000333e+00 1.363999999999999935e-01 6.850000000000000533e-02 9.376999999999999780e-01
-4.087899999999999423e+00 1.280000000000000027e-01 7.040000000000000424e-02 9.376999999999999780e-01
-4.063900000000000290e+00 1.208999999999999936e-01 7.270000000000000073e-02 9.392000000000000348e-01
-4.039899999999999380e+00 1.151999999999999968e-01 7.570000000000000340e-02 9.420999999999999375e-01
-4.015900000000000247e+00 1.103999999999999981e-01 7.860000000000000320e-02 9.461999999999999300e-01
-3.991899999999999782e+00 1.042000000000000010e-01 8.220000000000000917e-02 9.452000000000000401e-01
-3.967899999999999761e+00 9.859999999999999321e-02 8.619999999999999885e-02 8.111999999999999211e-01
-3.943900000000000183e+00 9.389999999999999736e-02 9.360000000000000264e-02 9.017999999999999350e-01
-3.919900000000000162e+00 8.949999999999999623e-02 9.700000000000000289e-02 8.204000000000000181e-01
-3.895900000000000141e+00 8.550000000000000655e-02 9.889999999999998792e-02 7.221999999999999531e-01
-3.871900000000000119e+00 8.219999999999999529e-02 1.010999999999999954e-01 6.913000000000000256e-01
-3.847900000000000098e+00 7.910000000000000364e-02 1.034999999999999948e-01 6.811000000000000387e-01
-3.823900000000000077e+00 7.380000000000000449e-02 1.035999999999999976e-01 6.644999999999999796e-01
-3.799900000000000055e+00 6.650000000000000355e-02 1.025999999999999968e-01 6.408000000000000362e-01
-3.775900000000000034e+00 6.090000000000000274e-02 1.037000000000000005e-01 6.194999999999999396e-01
-3.751900000000000013e+00 6.099999999999999867e-02 1.081999999999999906e-01 6.780000000000000471e-01
-3.727899999999999991e+00 6.069999999999999701e-02 1.110000000000000014e-01 6.471999999999999975e-01
-3.703899999999999970e+00 6.110000000000000153e-02 1.139000000000000012e-01 6.551000000000000156e-01
-3.679899999999999949e+00 6.160000000000000198e-02 1.169000000000000039e-01 6.640999999999999126e-01
-3.655899999999999928e+00 6.219999999999999835e-02 1.204000000000000070e-01 6.744999999999999885e-01
-3.631899999999999906e+00 6.579999999999999738e-02 1.273999999999999855e-01 8.084000000000000075e-01
-3.607899999999999885e+00 1.126000000000000056e-01 1.895000000000000018e-01 9.319000000000000616e-01
-3.583899999999999864e+00 7.449999999999999678e-02 1.513999999999999790e-01 7.705999999999999517e-01
-3.559899999999999842e+00 7.059999999999999609e-02 1.552000000000000046e-01 7.788999999999999257e-01
-3.535899999999999821e+00 7.090000000000000469e-02 1.794000000000000039e-01 8.948000000000000398e-01
-3.511899999999999800e+00 6.370000000000000662e-02 1.580999999999999905e-01 7.377000000000000224e-01
-3.487899999999999778e+00 6.189999999999999669e-02 1.610999999999999932e-01 7.441000000000000947e-01
-3.463899999999999757e+00 6.029999999999999943e-02 1.635999999999999954e-01 7.510000000000001119e-01
-3.439899999999999736e+00 5.890000000000000097e-02 1.663000000000000034e-01 7.581999999999999851e-01
-3.415899999999999714e+00 5.790000000000000008e-02 1.741000000000000048e-01 9.268000000000000682e-01
-3.391899999999999693e+00 5.659999999999999754e-02 1.736000000000000043e-01 7.328999999999998849e-01
-3.367899999999999672e+00 5.569999999999999951e-02 1.779999999999999916e-01 7.326000000000000290e-01
-3.343900000000000095e+00 5.360000000000000181e-02 1.828000000000000180e-01 7.137999999999999901e-01
-3.319900000000000073e+00 5.249999999999999806e-02 1.894000000000000128e-01 7.130000000000000782e-01
-3.295900000000000052e+00 5.179999999999999882e-02 1.974000000000000199e-01 7.143999999999999240e-01
-3.271900000000000031e+00 5.120000000000000245e-02 2.061999999999999944e-01 7.169000000000000927e-01
-3.247900000000000009e+00 5.059999999999999915e-02 2.146000000000000130e-01 6.964000000000000190e-01
-3.223899999999999988e+00 4.979999999999999705e-02 2.243999999999999884e-01 6.911000000000000476e-01
-3.199899999999999967e+00 4.889999999999999902e-02 2.340999999999999748e-01 6.859999999999999432e-01
-3.175899999999999945e+00 4.789999999999999813e-02 2.431999999999999995e-01 6.810000000000000497e-01
-3.151899999999999924e+00 4.669999999999999846e-02 2.514000000000000123e-01 6.763000000000000123e-01
-3.127899999999999903e+00 4.730000000000000177e-02 2.626000000000000001e-01 6.844000000000001194e-01
-3.103899999999999881e+00 5.050000000000000322e-02 2.743000000000000438e-01 7.097999999999999865e-01
-3.079899999999999860e+00 4.349999999999999700e-02 2.990999999999999770e-01 7.513999999999999568e-01
-3.055899999999999839e+00 3.910000000000000281e-02 3.035999999999999810e-01 7.200999999999999623e-01
-3.031899999999999817e+00 3.670000000000000345e-02 3.164000000000000146e-01 7.015000000000000124e-01
-3.007899999999999796e+00 3.640000000000000180e-02 3.477000000000000091e-01 7.016000000000000014e-01
-2.983899999999999775e+00 3.710000000000000103e-02 3.901999999999999913e-01 7.106999999999999984e-01
-2.959899999999999753e+00 3.679999999999999938e-02 4.802999999999999492e-01 7.344000000000000528e-01
-2.935899999999999732e+00 3.150000000000000022e-02 5.168000000000000371e-01 7.239999999999999769e-01
-2.911899999999999711e+00 2.869999999999999982e-02 5.641000000000000458e-01 7.503999999999999559e-01
-2.887900000000000134e+00 2.599999999999999881e-02 5.927000000000000046e-01 7.391999999999999682e-01
-2.863900000000000112e+00 2.330000000000000127e-02 6.131999999999999673e-01 7.240999999999999659e-01
-2.839900000000000091e+00 2.009999999999999981e-02 8.767000000000000348e-01 6.638999999999999346e-01
-2.815900000000000070e+00 1.959999999999999937e-02 1.769999999999999907e-01 5.339000000000000412e-01
-2.791900000000000048e+00 1.990000000000000102e-02 1.166999999999999982e-01 4.321999999999999731e-01
-2.767900000000000027e+00 2.009999999999999981e-02 1.055000000000000104e-01 3.918000000000000371e-01
-2.743900000000000006e+00 2.040000000000000147e-02 1.028999999999999915e-01 3.924000000000000266e-01
-2.719899999999999984e+00 2.060000000000000026e-02 9.990000000000001656e-02 3.927999999999999825e-01
-2.695899999999999963e+00 2.079999999999999905e-02 9.690000000000001390e-02 3.732000000000000317e-01
-2.671899999999999942e+00 2.089999999999999844e-02 9.379999999999999449e-02 3.655999999999999805e-01
-2.647899999999999920e+00 2.100000000000000130e-02 9.049999999999999711e-02 3.585000000000000409e-01
-2.623899999999999899e+00 2.110000000000000070e-02 8.709999999999999687e-02 3.515000000000000346e-01
-2.599899999999999878e+00 2.110000000000000070e-02 8.340000000000000191e-02 3.412999999999999923e-01
-2.575899999999999856e+00 2.079999999999999905e-02 7.780000000000000804e-02 3.260000000000000120e-01
-2.551899999999999835e+00 1.959999999999999937e-02 6.779999999999999916e-02 3.032000000000000250e-01
-2.527899999999999814e+00 1.959999999999999937e-02 6.529999999999999694e-02 2.888999999999999901e-01
-2.503899999999999793e+00 1.969999999999999876e-02 6.310000000000000331e-02 2.806000000000000161e-01
-2.479899999999999771e+00 1.980000000000000163e-02 6.120000000000000440e-02 2.733999999999999764e-01
-2.455899999999999750e+00 1.990000000000000102e-02 5.930000000000000548e-02 2.659000000000000252e-01
-2.431899999999999729e+00 2.000000000000000042e-02 5.749999999999999556e-02 2.580000000000000071e-01
-2.407899999999999707e+00 2.009999999999999981e-02 5.579999999999999544e-02 2.500000000000000000e-01
-2.383899999999999686e+00 2.019999999999999921e-02 5.430000000000000104e-02 2.415999999999999537e-01
-2.359899999999999665e+00 2.029999999999999860e-02 5.279999999999999971e-02 2.328000000000000069e-01
-2.335899999999999643e+00 2.040000000000000147e-02 5.140000000000000124e-02 2.238000000000000267e-01
-2.311900000000000066e+00 2.050000000000000086e-02 4.960000000000000520e-02 2.566999999999999837e-01
-2.287900000000000045e+00 2.079999999999999905e-02 5.199999999999999067e-02 2.384000000000000008e-01
-2.263900000000000023e+00 2.110000000000000070e-02 5.320000000000000423e-02 2.187000000000000055e-01
-2.239900000000000002e+00 2.149999999999999828e-02 5.460000000000000270e-02 1.970999999999999974e-01
-2.215899999999999981e+00 2.199999999999999872e-02 5.670000000000000040e-02 1.810000000000000220e-01
-2.191899999999999959e+00 2.259999999999999856e-02 5.980000000000000593e-02 1.774999999999999911e-01
-2.167899999999999938e+00 2.340000000000000066e-02 6.340000000000001190e-02 1.741999999999999937e-01
-2.143899999999999917e+00 2.560000000000000123e-02 7.019999999999999851e-02 1.736000000000000043e-01
-2.119899999999999896e+00 2.999999999999999889e-02 8.020000000000000739e-02 1.775999999999999801e-01
-2.095899999999999874e+00 3.200000000000000067e-02 8.349999999999999090e-02 1.781999999999999973e-01
-2.071899999999999853e+00 3.389999999999999958e-02 8.649999999999999356e-02 1.787999999999999867e-01
-2.047899999999999832e+00 3.570000000000000256e-02 8.940000000000000724e-02 1.794999999999999929e-01
-2.023899999999999810e+00 3.729999999999999982e-02 9.189999999999999558e-02 1.801999999999999991e-01
-1.999900000000000011e+00 3.889999999999999708e-02 9.429999999999999494e-02 1.806999999999999718e-01
-1.975899999999999990e+00 4.080000000000000293e-02 9.679999999999999716e-02 1.768000000000000127e-01
-1.951899999999999968e+00 4.139999999999999930e-02 9.679999999999999716e-02 1.729999999999999871e-01
-1.927899999999999947e+00 4.179999999999999688e-02 9.670000000000000817e-02 1.697000000000000175e-01
-1.903899999999999926e+00 4.229999999999999732e-02 9.659999999999999143e-02 1.663000000000000034e-01
-1.879899999999999904e+00 4.270000000000000184e-02 9.650000000000000244e-02 1.629999999999999782e-01
-1.855899999999999883e+00 4.309999999999999942e-02 9.639999999999998570e-02 1.596000000000000196e-01
-1.831899999999999862e+00 4.340000000000000108e-02 9.639999999999998570e-02 1.562999999999999945e-01
-1.807899999999999840e+00 4.370000000000000273e-02 9.609999999999999098e-02 1.526000000000000134e-01
-1.783899999999999819e+00 4.399999999999999745e-02 9.609999999999999098e-02 1.491000000000000103e-01
-1.759900000000000020e+00 4.469999999999999668e-02 9.600000000000000200e-02 1.461000000000000076e-01
-1.735899999999999999e+00 4.340000000000000108e-02 8.660000000000001030e-02 1.371999999999999886e-01
-1.711899999999999977e+00 4.549999999999999878e-02 7.749999999999999944e-02 1.340000000000000080e-01
-1.687899999999999956e+00 3.729999999999999982e-02 6.130000000000000032e-02 1.122999999999999970e-01
-1.663899999999999935e+00 2.469999999999999973e-02 4.030000000000000249e-02 8.139999999999998626e-02
-1.639899999999999913e+00 1.580000000000000154e-02 2.019999999999999921e-02 5.859999999999999931e-02
-1.615899999999999892e+00 1.159999999999999920e-02 1.230000000000000190e-02 4.699999999999999317e-02
-1.591899999999999871e+00 1.050000000000000065e-02 1.110000000000000049e-02 4.359999999999999987e-02
-1.567899999999999849e+00 9.700000000000000289e-03 1.140000000000000041e-02 4.199999999999999567e-02
-1.543899999999999828e+00 8.999999999999999320e-03 1.129999999999999928e-02 4.110000000000000459e-02
-1.519899999999999807e+00 8.500000000000000611e-03 1.119999999999999989e-02 4.080000000000000293e-02
-1.495900000000000007e+00 8.099999999999999561e-03 1.359999999999999924e-02 4.229999999999999732e-02
-1.471899999999999986e+00 7.900000000000000772e-03 1.639999999999999791e-02 4.440000000000000197e-02
-1.447899999999999965e+00 7.900000000000000772e-03 2.009999999999999981e-02 4.870000000000000717e-02
-1.423899999999999944e+00 8.099999999999999561e-03 2.460000000000000381e-02 5.469999999999999862e-02
-1.399899999999999922e+00 8.200000000000000691e-03 2.990000000000000296e-02 6.170000000000000484e-02
-1.375899999999999901e+00 8.399999999999999481e-03 3.579999999999999849e-02 6.950000000000000622e-02
-1.351899999999999880e+00 8.699999999999999400e-03 4.280000000000000471e-02 7.900000000000000078e-02
-1.327899999999999858e+00 8.999999999999999320e-03 4.999999999999999584e-02 9.059999999999998610e-02
-1.303899999999999837e+00 9.299999999999999239e-03 5.739999999999999269e-02 1.029999999999999943e-01
-1.279899999999999816e+00 9.700000000000000289e-03 6.500000000000000222e-02 1.168000000000000010e-01
-1.255900000000000016e+00 1.000000000000000021e-02 7.300000000000000933e-02 1.325000000000000067e-01
-1.231899999999999995e+00 1.069999999999999944e-02 8.360000000000000764e-02 1.608999999999999875e-01
-1.207899999999999974e+00 1.149999999999999981e-02 9.509999999999999010e-02 1.945000000000000062e-01
-1.183899999999999952e+00 1.260000000000000009e-02 1.074999999999999983e-01 2.331999999999999906e-01
-1.159899999999999931e+00 8.999999999999999320e-03 9.909999999999999365e-02 1.812000000000000000e-01
-1.135899999999999910e+00 8.099999999999999561e-03 1.013999999999999901e-01 1.826999999999999735e-01
-1.111899999999999888e+00 1.020000000000000073e-02 1.073999999999999955e-01 2.002999999999999781e-01
-1.087899999999999867e+00 1.329999999999999932e-02 1.019000000000000045e-01 2.396999999999999686e-01
-1.063899999999999846e+00 2.170000000000000054e-02 1.063000000000000056e-01 3.215000000000000080e-01
-1.039899999999999824e+00 1.480000000000000066e-02 7.619999999999998996e-02 2.283000000000000029e-01
-1.015899999999999803e+00 1.179999999999999973e-02 6.459999999999999076e-02 1.885999999999999899e-01
-9.918999999999997819e-01 1.020000000000000073e-02 6.069999999999999701e-02 1.736999999999999933e-01
-9.678999999999997605e-01 8.500000000000000611e-03 6.939999999999998948e-02 1.728999999999999981e-01
-9.438999999999997392e-01 6.799999999999999621e-03 8.590000000000000413e-02 1.783999999999999753e-01
-9.198999999999997179e-01 4.799999999999999580e-03 9.139999999999999514e-02 1.722999999999999809e-01
-8.958999999999996966e-01 3.299999999999999982e-03 9.560000000000000442e-02 1.751000000000000056e-01
-8.719000000000001194e-01 2.899999999999999800e-03 1.043000000000000038e-01 1.834999999999999964e-01
-8.479000000000000981e-01 2.599999999999999881e-03 1.100000000000000144e-01 1.877999999999999947e-01
-8.239000000000000767e-01 2.299999999999999961e-03 1.128000000000000114e-01 1.876000000000000167e-01
-7.999000000000000554e-01 2.099999999999999870e-03 1.117999999999999827e-01 1.820999999999999841e-01
-7.759000000000000341e-01 1.799999999999999951e-03 1.060999999999999999e-01 1.698000000000000065e-01
-7.519000000000000128e-01 1.500000000000000031e-03 9.949999999999999123e-02 1.565000000000000280e-01
-7.278999999999999915e-01 1.199999999999999895e-03 9.249999999999999889e-02 1.423000000000000098e-01
-7.038999999999999702e-01 1.000000000000000021e-03 8.469999999999999751e-02 1.311999999999999833e-01
-6.798999999999999488e-01 8.000000000000000383e-04 7.589999999999999525e-02 1.195999999999999841e-01
-6.558999999999999275e-01 5.999999999999999474e-04 6.850000000000000533e-02 1.087000000000000050e-01
-6.318999999999999062e-01 5.000000000000000104e-04 6.189999999999999669e-02 9.810000000000000664e-02
-6.078999999999998849e-01 4.000000000000000192e-04 5.580000000000000238e-02 8.740000000000000546e-02
-5.838999999999998636e-01 2.999999999999999737e-04 5.029999999999999749e-02 7.699999999999999900e-02
-5.598999999999998423e-01 2.999999999999999737e-04 4.149999999999999523e-02 6.370000000000000662e-02
-5.358999999999998209e-01 2.000000000000000096e-04 3.660000000000000059e-02 5.579999999999999544e-02
-5.118999999999997996e-01 2.000000000000000096e-04 3.189999999999999780e-02 4.829999999999999571e-02
-4.878999999999997783e-01 1.000000000000000048e-04 2.729999999999999788e-02 4.089999999999999886e-02
-4.638999999999997570e-01 1.000000000000000048e-04 2.230000000000000038e-02 3.429999999999999716e-02
-4.398999999999997357e-01 1.000000000000000048e-04 1.850000000000000255e-02 2.910000000000000087e-02
-4.158999999999997144e-01 0.000000000000000000e+00 1.240000000000000130e-02 2.099999999999999784e-02
-3.918999999999996930e-01 0.000000000000000000e+00 8.800000000000000530e-03 1.689999999999999836e-02
-3.679000000000001158e-01 0.000000000000000000e+00 6.099999999999999520e-03 1.340000000000000045e-02
-3.439000000000000945e-01 0.000000000000000000e+00 4.000000000000000083e-03 1.049999999999999892e-02
-3.199000000000000732e-01 0.000000000000000000e+00 2.799999999999999972e-03 8.399999999999999481e-03
-2.959000000000000519e-01 0.000000000000000000e+00 2.400000000000000223e-03 7.600000000000000852e-03
-2.719000000000000306e-01 0.000000000000000000e+00 2.099999999999999870e-03 7.099999999999999541e-03
-2.479000000000000092e-01 0.000000000000000000e+00 2.099999999999999870e-03 6.300000000000000044e-03
-2.238999999999999879e-01 0.000000000000000000e+00 1.799999999999999951e-03 5.799999999999999600e-03
-1.998999999999999666e-01 0.000000000000000000e+00 1.599999999999999860e-03 5.000000000000000104e-03
-1.758999999999999453e-01 0.000000000000000000e+00 1.500000000000000031e-03 4.599999999999999922e-03
-1.518999999999999240e-01 0.000000000000000000e+00 1.200000000000000112e-03 3.899999999999999821e-03
-1.278999999999999027e-01 0.000000000000000000e+00 1.200000000000000112e-03 3.400000000000000244e-03
-1.038999999999998813e-01 0.000000000000000000e+00 8.999999999999999754e-04 2.800000000000000405e-03
-7.989999999999986002e-02 0.000000000000000000e+00 1.799999999999999951e-03 2.200000000000000133e-03
-5.589999999999983871e-02 0.000000000000000000e+00 3.000000000000000279e-04 8.999999999999999754e-04
-3.189999999999981739e-02 0.000000000000000000e+00 0.000000000000000000e+00 3.000000000000000279e-04
-7.899999999999796074e-03 0.000000000000000000e+00 0.000000000000000000e+00 0.000000000000000000e+00
1.610000000000022524e-02 0.000000000000000000e+00 0.000000000000000000e+00 0.000000000000000000e+00
4.010000000000024656e-02 0.000000000000000000e+00 0.000000000000000000e+00 0.000000000000000000e+00
6.410000000000026787e-02 0.000000000000000000e+00 0.000000000000000000e+00 0.000000000000000000e+00
8.810000000000028919e-02 0.000000000000000000e+00 0.000000000000000000e+00 0.000000000000000000e+00
1.120999999999998664e-01 0.000000000000000000e+00 0.000000000000000000e+00 0.000000000000000000e+00
1.360999999999998877e-01 0.000000000000000000e+00 0.000000000000000000e+00 0.000000000000000000e+00
1.600999999999999091e-01 0.000000000000000000e+00 0.000000000000000000e+00 0.000000000000000000e+00
1.840999999999999304e-01 0.000000000000000000e+00 0.000000000000000000e+00 0.000000000000000000e+00
2.080999999999999517e-01 0.000000000000000000e+00 0.000000000000000000e+00 0.000000000000000000e+00
2.320999999999999730e-01 0.000000000000000000e+00 0.000000000000000000e+00 0.000000000000000000e+00
2.560999999999999943e-01 0.000000000000000000e+00 0.000000000000000000e+00 0.000000000000000000e+00
2.801000000000000156e-01 0.000000000000000000e+00 0.000000000000000000e+00 0.000000000000000000e+00
3.041000000000000369e-01 0.000000000000000000e+00 0.000000000000000000e+00 0.000000000000000000e+00
3.281000000000000583e-01 0.000000000000000000e+00 0.000000000000000000e+00 0.000000000000000000e+00
3.521000000000000796e-01 0.000000000000000000e+00 0.000000000000000000e+00 0.000000000000000000e+00
3.761000000000001009e-01 0.000000000000000000e+00 0.000000000000000000e+00 0.000000000000000000e+00
4.001000000000001222e-01 0.000000000000000000e+00 0.000000000000000000e+00 0.000000000000000000e+00
4.241000000000001435e-01 0.000000000000000000e+00 0.000000000000000000e+00 0.000000000000000000e+00
4.481000000000001648e-01 0.000000000000000000e+00 0.000000000000000000e+00 0.000000000000000000e+00
4.721000000000001862e-01 0.000000000000000000e+00 0.000000000000000000e+00 0.000000000000000000e+00
4.961000000000002075e-01 0.000000000000000000e+00 0.000000000000000000e+00 0.000000000000000000e+00
5.201000000000002288e-01 0.000000000000000000e+00 0.000000000000000000e+00 0.000000000000000000e+00
5.441000000000002501e-01 0.000000000000000000e+00 0.000000000000000000e+00 0.000000000000000000e+00
5.681000000000002714e-01 0.000000000000000000e+00 0.000000000000000000e+00 0.000000000000000000e+00
5.921000000000002927e-01 0.000000000000000000e+00 0.000000000000000000e+00 0.000000000000000000e+00
6.160999999999998700e-01 0.000000000000000000e+00 0.000000000000000000e+00 0.000000000000000000e+00
6.400999999999998913e-01 0.000000000000000000e+00 0.000000000000000000e+00 0.000000000000000000e+00
6.640999999999999126e-01 0.000000000000000000e+00 0.000000000000000000e+00 0.000000000000000000e+00
6.880999999999999339e-01 0.000000000000000000e+00 0.000000000000000000e+00 0.000000000000000000e+00
7.120999999999999552e-01 0.000000000000000000e+00 0.000000000000000000e+00 0.000000000000000000e+00
7.360999999999999766e-01 0.000000000000000000e+00 0.000000000000000000e+00 0.000000000000000000e+00
7.600999999999999979e-01 0.000000000000000000e+00 0.000000000000000000e+00 0.000000000000000000e+00
7.841000000000000192e-01 0.000000000000000000e+00 0.000000000000000000e+00 0.000000000000000000e+00
8.081000000000000405e-01 0.000000000000000000e+00 0.000000000000000000e+00 0.000000000000000000e+00
8.321000000000000618e-01 0.000000000000000000e+00 0.000000000000000000e+00 0.000000000000000000e+00
8.561000000000000831e-01 0.000000000000000000e+00 0.000000000000000000e+00 0.000000000000000000e+00
8.801000000000001044e-01 0.000000000000000000e+00 0.000000000000000000e+00 0.000000000000000000e+00
9.041000000000001258e-01 0.000000000000000000e+00 0.000000000000000000e+00 0.000000000000000000e+00
9.281000000000001471e-01 0.000000000000000000e+00 0.000000000000000000e+00 0.000000000000000000e+00
9.521000000000001684e-01 0.000000000000000000e+00 0.000000000000000000e+00 0.000000000000000000e+00
9.761000000000001897e-01 0.000000000000000000e+00 0.000000000000000000e+00 0.000000000000000000e+00
1.000099999999999767e+00 0.000000000000000000e+00 0.000000000000000000e+00 0.000000000000000000e+00
1.024099999999999788e+00 0.000000000000000000e+00 0.000000000000000000e+00 0.000000000000000000e+00
1.048099999999999810e+00 0.000000000000000000e+00 0.000000000000000000e+00 0.000000000000000000e+00
1.072099999999999831e+00 0.000000000000000000e+00 0.000000000000000000e+00 0.000000000000000000e+00
1.096099999999999852e+00 0.000000000000000000e+00 0.000000000000000000e+00 0.000000000000000000e+00
1.120099999999999874e+00 0.000000000000000000e+00 0.000000000000000000e+00 0.000000000000000000e+00
1.144099999999999895e+00 0.000000000000000000e+00 0.000000000000000000e+00 0.000000000000000000e+00
1.168099999999999916e+00 0.000000000000000000e+00 0.000000000000000000e+00 0.000000000000000000e+00
1.192099999999999937e+00 0.000000000000000000e+00 0.000000000000000000e+00 0.000000000000000000e+00
1.216099999999999959e+00 0.000000000000000000e+00 0.000000000000000000e+00 0.000000000000000000e+00
1.240099999999999980e+00 0.000000000000000000e+00 0.000000000000000000e+00 0.000000000000000000e+00
1.264100000000000001e+00 0.000000000000000000e+00 0.000000000000000000e+00 0.000000000000000000e+00
1.288100000000000023e+00 0.000000000000000000e+00 0.000000000000000000e+00 0.000000000000000000e+00
1.312100000000000044e+00 0.000000000000000000e+00 0.000000000000000000e+00 0.000000000000000000e+00
1.336100000000000065e+00 0.000000000000000000e+00 0.000000000000000000e+00 0.000000000000000000e+00
1.360100000000000087e+00 0.000000000000000000e+00 0.000000000000000000e+00 0.000000000000000000e+00
1.384100000000000108e+00 0.000000000000000000e+00 0.000000000000000000e+00 0.000000000000000000e+00
1.408100000000000129e+00 0.000000000000000000e+00 0.000000000000000000e+00 0.000000000000000000e+00
1.432100000000000151e+00 0.000000000000000000e+00 0.000000000000000000e+00 0.000000000000000000e+00
1.456100000000000172e+00 0.000000000000000000e+00 0.000000000000000000e+00 0.000000000000000000e+00
1.480100000000000193e+00 0.000000000000000000e+00 0.000000000000000000e+00 0.000000000000000000e+00
1.504100000000000215e+00 0.000000000000000000e+00 0.000000000000000000e+00 0.000000000000000000e+00
1.528100000000000236e+00 0.000000000000000000e+00 0.000000000000000000e+00 0.000000000000000000e+00
1.552100000000000257e+00 0.000000000000000000e+00 0.000000000000000000e+00 0.000000000000000000e+00
1.576100000000000279e+00 0.000000000000000000e+00 0.000000000000000000e+00 0.000000000000000000e+00
1.600100000000000300e+00 0.000000000000000000e+00 0.000000000000000000e+00 0.000000000000000000e+00
1.624100000000000321e+00 0.000000000000000000e+00 0.000000000000000000e+00 0.000000000000000000e+00
1.648100000000000342e+00 0.000000000000000000e+00 0.000000000000000000e+00 0.000000000000000000e+00
1.672100000000000364e+00 0.000000000000000000e+00 0.000000000000000000e+00 0.000000000000000000e+00
1.696100000000000385e+00 0.000000000000000000e+00 0.000000000000000000e+00 0.000000000000000000e+00
1.720100000000000406e+00 0.000000000000000000e+00 0.000000000000000000e+00 0.000000000000000000e+00
1.744100000000000428e+00 0.000000000000000000e+00 0.000000000000000000e+00 0.000000000000000000e+00
1.768100000000000449e+00 0.000000000000000000e+00 0.000000000000000000e+00 0.000000000000000000e+00
1.792100000000000470e+00 0.000000000000000000e+00 0.000000000000000000e+00 0.000000000000000000e+00
1.816100000000000492e+00 0.000000000000000000e+00 0.000000000000000000e+00 0.000000000000000000e+00
1.840100000000000513e+00 0.000000000000000000e+00 0.000000000000000000e+00 0.000000000000000000e+00
1.864099999999999646e+00 0.000000000000000000e+00 0.000000000000000000e+00 0.000000000000000000e+00
1.888099999999999667e+00 0.000000000000000000e+00 0.000000000000000000e+00 0.000000000000000000e+00
1.912099999999999689e+00 0.000000000000000000e+00 0.000000000000000000e+00 0.000000000000000000e+00
1.936099999999999710e+00 0.000000000000000000e+00 0.000000000000000000e+00 0.000000000000000000e+00
1.960099999999999731e+00 0.000000000000000000e+00 0.000000000000000000e+00 0.000000000000000000e+00
1.984099999999999753e+00 0.000000000000000000e+00 0.000000000000000000e+00 0.000000000000000000e+00
2.008099999999999774e+00 0.000000000000000000e+00 0.000000000000000000e+00 0.000000000000000000e+00
2.032099999999999795e+00 0.000000000000000000e+00 0.000000000000000000e+00 0.000000000000000000e+00
2.056099999999999817e+00 0.000000000000000000e+00 0.000000000000000000e+00 0.000000000000000000e+00
2.080099999999999838e+00 0.000000000000000000e+00 0.000000000000000000e+00 0.000000000000000000e+00
2.104099999999999859e+00 0.000000000000000000e+00 0.000000000000000000e+00 0.000000000000000000e+00
2.128099999999999881e+00 0.000000000000000000e+00 0.000000000000000000e+00 0.000000000000000000e+00
2.152099999999999902e+00 0.000000000000000000e+00 0.000000000000000000e+00 0.000000000000000000e+00
2.176099999999999923e+00 0.000000000000000000e+00 0.000000000000000000e+00 0.000000000000000000e+00
2.200099999999999945e+00 0.000000000000000000e+00 0.000000000000000000e+00 0.000000000000000000e+00
2.224099999999999966e+00 0.000000000000000000e+00 0.000000000000000000e+00 0.000000000000000000e+00
2.248099999999999987e+00 0.000000000000000000e+00 0.000000000000000000e+00 0.000000000000000000e+00
2.272100000000000009e+00 0.000000000000000000e+00 0.000000000000000000e+00 0.000000000000000000e+00
2.296100000000000030e+00 0.000000000000000000e+00 0.000000000000000000e+00 0.000000000000000000e+00
2.320100000000000051e+00 0.000000000000000000e+00 0.000000000000000000e+00 4.030000000000000249e-02
2.344100000000000072e+00 0.000000000000000000e+00 0.000000000000000000e+00 8.460000000000000853e-02
2.368100000000000094e+00 0.000000000000000000e+00 0.000000000000000000e+00 1.011999999999999983e-01
2.392100000000000115e+00 0.000000000000000000e+00 0.000000000000000000e+00 1.259000000000000119e-01
2.416100000000000136e+00 0.000000000000000000e+00 0.000000000000000000e+00 1.591000000000000192e-01
2.440100000000000158e+00 0.000000000000000000e+00 0.000000000000000000e+00 2.016000000000000014e-01
2.464100000000000179e+00 0.000000000000000000e+00 0.000000000000000000e+00 2.583999999999999631e-01
2.488100000000000200e+00 0.000000000000000000e+00 0.000000000000000000e+00 3.195999999999999952e-01
2.512100000000000222e+00 0.000000000000000000e+00 0.000000000000000000e+00 3.809000000000000163e-01
2.536100000000000243e+00 0.000000000000000000e+00 0.000000000000000000e+00 4.420000000000000595e-01
2.560100000000000264e+00 1.000000000000000048e-04 0.000000000000000000e+00 5.032999999999999696e-01
2.584100000000000286e+00 1.000000000000000048e-04 0.000000000000000000e+00 5.644000000000000128e-01
2.608100000000000307e+00 1.000000000000000048e-04 0.000000000000000000e+00 6.253999999999999559e-01
2.632100000000000328e+00 1.000000000000000048e-04 0.000000000000000000e+00 6.865999999999999881e-01
2.656100000000000350e+00 1.000000000000000048e-04 0.000000000000000000e+00 7.476999999999999202e-01
2.680100000000000371e+00 1.000000000000000048e-04 0.000000000000000000e+00 8.086000000000000965e-01
2.704100000000000392e+00 1.000000000000000048e-04 2.000000000000000096e-04 8.780999999999998806e-01
2.728100000000000414e+00 1.000000000000000048e-04 3.000000000000000279e-04 1.043000000000000149e+00
2.752100000000000435e+00 2.000000000000000096e-04 3.000000000000000279e-04 1.231300000000000061e+00
2.776100000000000456e+00 2.000000000000000096e-04 3.000000000000000279e-04 1.270399999999999974e+00
2.800100000000000477e+00 2.000000000000000096e-04 3.000000000000000279e-04 1.256099999999999994e+00
2.824100000000000499e+00 2.999999999999999737e-04 3.000000000000000279e-04 1.301899999999999835e+00
2.848100000000000520e+00 2.999999999999999737e-04 3.000000000000000279e-04 1.295599999999999863e+00
2.872099999999999653e+00 2.999999999999999737e-04 3.000000000000000279e-04 1.278399999999999981e+00
2.896099999999999675e+00 2.999999999999999737e-04 3.000000000000000279e-04 1.262399999999999967e+00
2.920099999999999696e+00 2.999999999999999737e-04 3.000000000000000279e-04 1.247499999999999831e+00
2.944099999999999717e+00 2.999999999999999737e-04 4.000000000000000192e-04 1.233899999999999997e+00
2.968099999999999739e+00 2.999999999999999737e-04 6.000000000000000559e-04 1.220499999999999918e+00
2.992099999999999760e+00 2.999999999999999737e-04 6.000000000000000559e-04 1.178499999999999881e+00
3.016099999999999781e+00 2.999999999999999737e-04 6.000000000000000559e-04 1.144399999999999862e+00
3.040099999999999802e+00 2.999999999999999737e-04 6.000000000000000559e-04 1.126099999999999879e+00
3.064099999999999824e+00 2.999999999999999737e-04 6.000000000000000559e-04 1.121199999999999974e+00
3.088099999999999845e+00 2.999999999999999737e-04 6.000000000000000559e-04 1.131699999999999928e+00
3.112099999999999866e+00 2.999999999999999737e-04 6.000000000000000559e-04 1.151899999999999924e+00
3.136099999999999888e+00 2.999999999999999737e-04 6.000000000000000559e-04 1.175899999999999945e+00
3.160099999999999909e+00 2.999999999999999737e-04 6.000000000000000559e-04 1.200099999999999945e+00
3.184099999999999930e+00 4.000000000000000192e-04 6.000000000000000559e-04 1.224499999999999922e+00
3.208099999999999952e+00 4.000000000000000192e-04 8.999999999999999754e-04 1.248799999999999910e+00
3.232099999999999973e+00 4.000000000000000192e-04 8.999999999999999754e-04 1.273399999999999865e+00
3.256099999999999994e+00 4.000000000000000192e-04 8.999999999999999754e-04 1.298000000000000043e+00
3.280100000000000016e+00 4.000000000000000192e-04 8.999999999999999754e-04 1.322799999999999754e+00
3.304100000000000037e+00 4.000000000000000192e-04 8.999999999999999754e-04 1.347499999999999920e+00
3.328100000000000058e+00 4.000000000000000192e-04 8.999999999999999754e-04 1.372500000000000053e+00
3.352100000000000080e+00 4.000000000000000192e-04 8.999999999999999754e-04 1.397699999999999942e+00
3.376100000000000101e+00 4.000000000000000192e-04 8.999999999999999754e-04 1.422899999999999832e+00
3.400100000000000122e+00 4.000000000000000192e-04 1.200000000000000112e-03 1.448299999999999921e+00
3.424100000000000144e+00 4.000000000000000192e-04 1.200000000000000112e-03 1.473700000000000010e+00
3.448100000000000165e+00 5.000000000000000104e-04 1.200000000000000112e-03 1.499300000000000077e+00
3.472100000000000186e+00 5.000000000000000104e-04 1.200000000000000112e-03 1.524900000000000144e+00
3.496100000000000207e+00 5.000000000000000104e-04 1.200000000000000112e-03 1.555300000000000127e+00
3.520100000000000229e+00 5.000000000000000104e-04 1.200000000000000112e-03 1.614999999999999991e+00
3.544100000000000250e+00 5.000000000000000104e-04 1.500000000000000031e-03 1.830999999999999961e+00
3.568100000000000271e+00 5.000000000000000104e-04 1.500000000000000031e-03 2.035800000000000054e+00
3.592100000000000293e+00 5.999999999999999474e-04 1.799999999999999951e-03 2.142199999999999882e+00
3.616100000000000314e+00 5.999999999999999474e-04 1.799999999999999951e-03 2.264599999999999724e+00
3.640100000000000335e+00 5.999999999999999474e-04 2.099999999999999870e-03 2.360399999999999832e+00
3.664100000000000357e+00 5.999999999999999474e-04 2.099999999999999870e-03 2.396799999999999820e+00
3.688100000000000378e+00 5.999999999999999474e-04 2.099999999999999870e-03 2.391700000000000159e+00
3.712100000000000399e+00 5.999999999999999474e-04 2.400000000000000223e-03 2.374099999999999877e+00
3.736100000000000421e+00 5.999999999999999474e-04 2.400000000000000223e-03 2.405999999999999694e+00
3.760100000000000442e+00 5.000000000000000104e-04 2.400000000000000223e-03 2.451699999999999768e+00
3.784100000000000463e+00 5.000000000000000104e-04 2.400000000000000223e-03 2.497999999999999776e+00
3.808100000000000485e+00 5.000000000000000104e-04 2.400000000000000223e-03 2.545099999999999696e+00
3.832100000000000506e+00 5.000000000000000104e-04 2.400000000000000223e-03 2.593099999999999739e+00
3.856100000000000527e+00 5.000000000000000104e-04 2.700000000000000143e-03 2.641599999999999504e+00
3.880099999999999660e+00 5.000000000000000104e-04 2.700000000000000143e-03 2.691099999999999604e+00
3.904099999999999682e+00 5.000000000000000104e-04 2.700000000000000143e-03 2.741299999999999848e+00
3.928099999999999703e+00 5.000000000000000104e-04 2.700000000000000143e-03 2.792300000000000004e+00
3.952099999999999724e+00 5.000000000000000104e-04 2.700000000000000143e-03 2.849400000000000155e+00
3.976099999999999746e+00 5.000000000000000104e-04 2.700000000000000143e-03 2.914499999999999869e+00
4.000099999999999767e+00 4.000000000000000192e-04 3.000000000000000062e-03 2.982499999999999929e+00
4.024099999999999788e+00 4.000000000000000192e-04 3.000000000000000062e-03 3.053699999999999193e+00
4.048099999999999810e+00 4.000000000000000192e-04 3.000000000000000062e-03 3.128900000000000237e+00
4.072099999999999831e+00 4.000000000000000192e-04 3.000000000000000062e-03 3.208400000000000141e+00
4.096099999999999852e+00 5.000000000000000104e-04 4.500000000000000527e-03 8.081899999999999196e+00
4.120099999999999874e+00 5.000000000000000104e-04 5.099999999999999499e-03 8.793799999999999173e+00
4.144099999999999895e+00 5.000000000000000104e-04 4.800000000000000447e-03 6.498799999999999244e+00
4.168099999999999916e+00 4.000000000000000192e-04 4.800000000000000447e-03 5.741200000000000081e+00
4.192099999999999937e+00 2.999999999999999737e-04 4.199999999999999740e-03 4.279799999999999827e+00
4.216099999999999959e+00 2.999999999999999737e-04 4.199999999999999740e-03 3.587299999999999933e+00
4.240099999999999980e+00 2.999999999999999737e-04 4.199999999999999740e-03 3.481400000000000272e+00
4.264100000000000001e+00 2.000000000000000096e-04 3.899999999999999821e-03 3.374799999999999578e+00
4.288100000000000023e+00 2.000000000000000096e-04 3.899999999999999821e-03 3.267800000000000260e+00
4.312100000000000044e+00 2.000000000000000096e-04 3.699999999999999296e-03 3.145499999999999741e+00
4.336100000000000065e+00 2.000000000000000096e-04 3.599999999999999901e-03 2.986199999999999743e+00
4.360100000000000087e+00 2.000000000000000096e-04 3.599999999999999901e-03 3.000999999999999890e+00
4.384100000000000108e+00 1.000000000000000048e-04 3.299999999999999982e-03 2.838400000000000034e+00
4.408100000000000129e+00 1.000000000000000048e-04 3.000000000000000062e-03 2.722599999999999909e+00
4.432100000000000151e+00 1.000000000000000048e-04 3.000000000000000062e-03 2.700999999999999623e+00
4.456100000000000172e+00 1.000000000000000048e-04 3.000000000000000062e-03 2.614999999999999769e+00
4.480100000000000193e+00 1.000000000000000048e-04 2.099999999999999870e-03 2.200300000000000367e+00
4.504100000000000215e+00 1.000000000000000048e-04 2.099999999999999870e-03 2.098000000000000309e+00
4.528100000000000236e+00 0.000000000000000000e+00 1.799999999999999951e-03 1.995600000000000041e+00
4.552100000000000257e+00 0.000000000000000000e+00 1.500000000000000031e-03 1.893499999999999961e+00
4.576100000000000279e+00 2.999999999999999737e-04 2.099999999999999870e-03 2.526300000000000434e+00
4.600100000000000300e+00 4.000000000000000192e-04 2.099999999999999870e-03 1.794299999999999784e+00
4.624100000000000321e+00 5.999999999999999474e-04 2.200000000000000133e-03 1.658400000000000096e+00
4.648100000000000342e+00 8.000000000000000383e-04 2.400000000000000223e-03 1.531599999999999850e+00
4.672100000000000364e+00 8.999999999999999754e-04 2.700000000000000143e-03 1.414100000000000135e+00
4.696100000000000385e+00 1.100000000000000066e-03 3.100000000000000325e-03 1.569899999999999851e+00
4.720100000000000406e+00 1.299999999999999940e-03 3.200000000000000587e-03 1.346400000000000041e+00
4.744100000000000428e+00 1.500000000000000031e-03 3.599999999999999901e-03 1.238199999999999967e+00
4.768100000000000449e+00 1.699999999999999905e-03 3.599999999999999901e-03 8.736000000000000432e-01
4.792100000000000470e+00 1.899999999999999996e-03 3.899999999999999821e-03 5.222999999999999865e-01
4.816100000000000492e+00 2.099999999999999870e-03 4.400000000000000265e-03 5.601000000000000423e-01
4.840100000000000513e+00 2.299999999999999961e-03 4.699999999999999317e-03 5.967000000000000082e-01
4.864099999999999646e+00 2.500000000000000052e-03 5.199999999999999761e-03 6.309000000000000163e-01
4.888099999999999667e+00 2.599999999999999881e-03 5.700000000000000205e-03 6.552999999999999936e-01
4.912099999999999689e+00 2.799999999999999972e-03 6.199999999999999782e-03 6.780999999999999250e-01
4.936099999999999710e+00 3.000000000000000062e-03 6.800000000000000488e-03 7.043999999999999151e-01
4.960099999999999731e+00 3.200000000000000153e-03 7.700000000000000247e-03 7.290000000000000924e-01
4.984099999999999753e+00 3.399999999999999811e-03 8.700000000000001135e-03 7.009000000000000785e-01
5.008099999999999774e+00 3.899999999999999821e-03 9.299999999999999239e-03 7.206000000000000183e-01
5.032100000000000684e+00 4.400000000000000265e-03 9.799999999999999684e-03 7.411000000000000920e-01
5.056099999999999817e+00 4.899999999999999842e-03 1.020000000000000073e-02 7.609000000000001318e-01
5.080100000000000726e+00 5.400000000000000286e-03 1.069999999999999944e-02 7.801000000000000156e-01
5.104099999999999859e+00 5.899999999999999863e-03 1.109999999999999876e-02 7.983999999999999986e-01
5.128100000000000769e+00 6.400000000000000307e-03 1.160000000000000094e-02 8.162000000000000366e-01
5.152099999999999902e+00 6.899999999999999883e-03 1.200000000000000025e-02 8.330999999999999517e-01
5.176100000000000811e+00 7.400000000000000328e-03 1.250000000000000069e-02 8.505000000000000338e-01
5.200099999999999945e+00 7.900000000000000772e-03 1.289999999999999827e-02 8.684000000000000608e-01
5.224100000000000854e+00 8.399999999999999481e-03 1.350000000000000158e-02 8.850999999999999979e-01
5.248099999999999987e+00 8.999999999999999320e-03 1.389999999999999916e-02 9.009000000000000341e-01
5.272100000000000897e+00 9.499999999999999764e-03 1.439999999999999961e-02 9.154999999999999805e-01
5.296100000000000030e+00 1.000000000000000021e-02 1.489999999999999832e-02 9.291000000000000369e-01
5.320100000000000939e+00 1.050000000000000065e-02 1.520000000000000170e-02 9.415999999999999925e-01
5.344100000000000072e+00 1.099999999999999936e-02 1.569999999999999868e-02 9.527999999999999803e-01
5.368099999999999206e+00 1.170000000000000033e-02 1.609999999999999973e-02 9.638999999999999790e-01
5.392100000000000115e+00 1.250000000000000069e-02 1.650000000000000078e-02 9.758000000000000007e-01
5.416099999999999248e+00 1.349999999999999985e-02 1.710000000000000062e-02 9.887000000000000233e-01
5.440100000000000158e+00 1.469999999999999953e-02 1.759999999999999759e-02 1.001199999999999868e+00
5.464099999999999291e+00 1.629999999999999852e-02 1.809999999999999803e-02 1.011499999999999844e+00
5.488100000000000200e+00 1.810000000000000150e-02 1.870000000000000134e-02 1.020599999999999952e+00
5.512099999999999334e+00 2.000000000000000042e-02 1.920000000000000179e-02 1.026699999999999946e+00
5.536100000000000243e+00 2.160000000000000114e-02 1.959999999999999937e-02 1.037999999999999812e+00
5.560099999999999376e+00 2.299999999999999961e-02 1.979999999999999816e-02 1.049300000000000122e+00
5.584100000000000286e+00 2.510000000000000078e-02 2.019999999999999921e-02 1.070600000000000218e+00
5.608099999999999419e+00 2.520000000000000018e-02 2.009999999999999981e-02 1.059099999999999930e+00
5.632100000000000328e+00 2.520000000000000018e-02 2.019999999999999921e-02 1.048299999999999788e+00
5.656099999999999461e+00 2.510000000000000078e-02 2.019999999999999921e-02 1.035899999999999821e+00
5.680100000000000371e+00 2.489999999999999852e-02 2.019999999999999921e-02 1.020999999999999908e+00
5.704099999999999504e+00 2.450000000000000094e-02 2.009999999999999981e-02 1.004000000000000004e+00
5.728100000000000414e+00 2.409999999999999989e-02 2.009999999999999981e-02 9.864999999999999325e-01
5.752099999999999547e+00 2.380000000000000171e-02 2.009999999999999981e-02 9.696000000000000174e-01
5.776100000000000456e+00 2.340000000000000066e-02 2.009999999999999981e-02 9.532000000000000473e-01
5.800099999999999589e+00 2.299999999999999961e-02 2.009999999999999981e-02 9.374000000000000110e-01
5.824100000000000499e+00 2.259999999999999856e-02 2.000000000000000042e-02 9.218999999999999417e-01
5.848099999999999632e+00 2.230000000000000038e-02 2.000000000000000042e-02 9.068000000000000504e-01
5.872100000000000541e+00 2.189999999999999933e-02 2.009999999999999981e-02 8.919000000000000261e-01
5.896099999999999675e+00 2.160000000000000114e-02 2.009999999999999981e-02 8.772999999999999687e-01
5.920100000000000584e+00 2.120000000000000009e-02 2.009999999999999981e-02 8.629999999999999893e-01
5.944099999999999717e+00 2.089999999999999844e-02 2.009999999999999981e-02 8.489999999999999769e-01
5.968100000000000627e+00 2.050000000000000086e-02 2.000000000000000042e-02 8.351999999999999424e-01
5.992099999999999760e+00 2.019999999999999921e-02 2.000000000000000042e-02 8.218000000000000860e-01
6.016100000000000669e+00 1.990000000000000102e-02 2.000000000000000042e-02 8.084999999999999964e-01
6.040099999999999802e+00 1.959999999999999937e-02 1.990000000000000102e-02 7.947999999999999510e-01
6.064100000000000712e+00 1.919999999999999832e-02 1.979999999999999816e-02 7.782999999999999918e-01
6.088099999999999845e+00 1.859999999999999848e-02 1.940000000000000058e-02 7.526000000000000467e-01
6.112100000000000755e+00 1.760000000000000106e-02 1.880000000000000074e-02 7.115000000000000213e-01
6.136099999999999888e+00 1.669999999999999957e-02 1.849999999999999908e-02 6.859000000000000652e-01
6.160100000000000797e+00 1.569999999999999868e-02 1.820000000000000090e-02 6.576000000000000734e-01
6.184099999999999930e+00 1.460000000000000013e-02 1.789999999999999925e-02 6.319000000000000172e-01
6.208100000000000840e+00 1.359999999999999924e-02 1.789999999999999925e-02 6.118000000000001215e-01
6.232099999999999973e+00 1.269999999999999948e-02 1.779999999999999985e-02 5.928999999999999826e-01
